8.7
0.8
4.82
5.4
5.13
5.74
5.61
2.06
2.1
6.23
2.61
5.04
2.13
6.88
6.05
4.95
8.71
7.09
7.91
3.38
4.31
4.54
2.07
1.73
6.58
5.64
5.69
3.03
7.71
3.23
4.7
8.49
9.43
9.02
5.07
6.33
4.56
7.94
3.04
0.86
1.18
9.41
6.24
6.4
9.55
2.2
5.58
5.93
5.61
9.27
9.3
3.22
4.36
1.94
8.41
8.22
4.92
9.4
4.91
3.95
3.5
3.13
8.76
1.77
4.68
7.71
8.92
4.09
5.5
4.54
3.71
3.66
4.61
1.21
8.11
7.64
4.06
2.1
9.54
6.52
3.15
8.55
3.82
9.87
3.02
9.28
4.86
8.97
9.16
8.63
4.27
2.95
5.56
6.61
8.66
5.65
7.49
5.24
5.84
9.7
5.92
7.85
6.69
3.05
5.91
8.24
9.88
2.09
5.25
8.55
3.22
3.87
2.03
7.09
5.18
5
9.53
4.11
6.7
7.87
3.44
3.94
4.73
3.88
8.7
3.42
4.79
3.79
6.61
8.33
5.8
9.54
8.97
7.14
0.87
3.17
6.65
5.32
5.47
9.76
8.63
1.69
7.25
2.58
9.5
7.58
1.12
7.13
1.27
4.87
6.76
4.54
8.55
8.86
5.32
9.55
1.97
3.96
7.93
8.51
8.7
6.28
2.82
8.48
4.84
4.2
0.7
1.47
5.59
4.02
2.7
4.91
9.22
4.32
5.78
8.64
5.42
8.13
1.33
9.55
6.36
6.72
8.07
9.54
8.05
7.33
7.65
8.47
7.22
2.5
6.56
8.78
2.72
6.9
3.42
5.54
4.68
9.29
4.47
1.85
8.69
2.36
4.93
7.33
2.97
7.18
9.99
7.98
4.77
7.29
3.63
9.01
4.54
8.37
0.9
9.72
8.56
6.48
6.27
9.59
7.71
6.08
5.62
5.42
2.1
9.37
7.02
9.5
6.08
1.94
0.93
5.11
7.01
9.75
4.34
1.94
5.35
9.1
1.43
6.75
8.45
3.28
4.19
4.12
2.38
2.76
5.11
7.4
8.37
5.6
4.74
4.4
3.84
0.97
1.39
7.26
1.82
6.26
8.15
7.47
4.87
6.35
2.42
4.86
4.35
5.13
3.15
6.2
8.3
5.01
9.34
6.98
7.64
4.71
8.23
9.6
3.62
5.96
2.22
6.1
4.27
6.21
4.87
4.44
4.45
9.77
3.5
3.38
6.64
9.26
2.49
9.02
6.82
4.8
7.62
2.19
6.23
2.6
5.67
7.76
3.57
8.77
1.3
9.85
9.95
5.43
7.55
2.22
6.38
0.54
3.09
5.51
5.56
7.56
9.04
2.13
2.92
2.83
3.37
5.09
4.03
7.57
1.35
8.41
1.34
2.78
8.34
6.9
8.03
5.33
6.56
5.39
9.62
6.37
7.5
3.89
7.04
7.48
4.95
8.37
7.48
2.61
7.98
8.95
7.98
3.09
8.04
6.64
9.55
3.84
7.06
3.18
2.13
6.46
5.52
3.66
4.25
9.11
0.6
9.48
7.69
9.07
3.69
5.7
9.64
1.04
7.34
9.42
1.83
8.67
3.87
6.17
6.16
6.12
7.44
7.71
6.32
6.59
8.04
7.37
2.51
7.55
7.72
8.97
4.56
7.75
2.39
3.91
5.69
7.49
3
4.67
3.63
6.66
5.86
0.86
6.26
2.71
3.62
4.77
1.78
