# Długości boków trójkątów (bok_a bok_b bok_c)
5.3 7.24 6.08
7.05 6.53 1.06
8.42 7.55 8.2
1.95 5.04 5.52
3.41 8.0 9.43
6.34 4.17 5.15
8.18 9.1 7.62
6.07 7.71 5.56
8.84 5.46 4.74
4.55 8.59 5.91
5.26 5.89 1.75
6.48 7.49 4.55
9.06 4.15 5.28
5.89 8.54 3.61
4.02 7.33 9.27
5.54 9.38 5.52
5.89 9.77 9.15
4.36 6.26 6.37
3.78 5.01 2.93
8.6 8.18 8.67
9.52 1.76 9.59
7.98 9.55 6.15
1.27 1.21 1.92
6.12 6.71 1.99
7.91 7.81 5.04
5.21 7.85 3.07
7.22 7.21 8.8
6.74 7.53 4.04
6.44 6.19 6.08
5.4 6.47 5.22
1.19 3.63 4.67
6.76 6.06 8.58
4.89 4.34 5.6
2.5 3.25 3.14
9.87 9.33 1.48
2.3 8.72 8.96
5.9 8.92 5.5
9.93 9.18 4.69
5.41 1.37 4.05
2.54 6.16 5.44
6.87 4.05 7.65
5.57 4.49 1.47
9.95 8.88 3.55
7.68 3.61 6.88
9.12 3.1 9.11
5.94 6.74 4.72
1.89 6.42 8.22
8.02 8.82 8.04
3.53 0.54 3.41
9.74 4.42 8.74
4.42 8.96 8.77
1.9 6.52 6.7
3.52 6.81 7.84
1.93 4.71 5.6
0.91 7.54 6.95
4.6 2.63 3.91
1.3 6.3 7.21
1.36 2.64 3.15
9.07 9.37 8.49
9.0 4.82 5.22
9.68 6.57 4.54
2.71 7.61 8.62
6.74 8.12 5.58
4.11 4.71 6.68
8.93 6.7 7.22
0.96 4.45 4.4
8.29 8.53 8.26
2.02 1.74 1.2
3.45 6.37 4.64
4.39 5.47 3.94
5.79 3.59 8.9
9.32 0.71 8.75
9.86 8.43 9.47
7.43 1.93 6.73
6.31 6.4 2.71
4.41 8.78 9.83
8.72 9.91 9.17
8.67 4.32 5.22
2.21 9.13 9.11
4.9 7.38 8.74
7.18 3.3 6.07
7.0 2.3 6.11
9.32 9.24 0.54
2.54 7.11 4.86
4.62 3.8 1.61
3.01 7.73 5.22
6.66 5.82 7.84
7.72 4.16 5.63
9.58 5.12 5.77
7.75 7.16 7.38
2.01 3.72 2.94
1.7 6.96 5.88
7.19 5.29 4.9
2.77 3.14 5.4
4.21 3.49 6.85
8.27 3.41 7.19
6.52 7.54 1.5
4.38 6.7 7.9
1.4 2.75 3.33
3.9 7.48 5.15
9.39 5.83 7.55
4.49 3.03 3.81
9.24 7.37 9.7
7.39 9.68 9.99
4.7 8.11 7.0
2.45 2.16 3.69
8.48 3.85 4.66
4.92 2.65 4.09
9.47 4.64 6.86
7.67 3.07 5.8
1.99 9.35 8.78
4.14 1.43 4.28
6.78 9.88 7.72
5.68 7.61 9.36
9.67 8.95 2.94
2.61 8.76 7.29
6.08 7.79 9.65
5.55 1.83 5.95
9.31 4.46 5.98
4.75 6.46 5.9
4.04 2.18 5.21
8.75 8.79 7.61
4.8 5.2 0.98
7.47 9.83 5.85
8.13 9.26 7.25
4.14 0.79 3.76
1.73 4.6 2.92
2.04 6.37 5.68
7.62 9.74 7.13
6.69 6.4 1.57
5.9 8.09 7.06
2.47 2.51 2.72
0.79 3.73 4.49
6.92 7.47 4.87
7.17 4.29 9.28
4.05 7.28 3.88
5.21 7.08 5.27
3.04 6.69 4.33
5.25 5.82 2.48
6.16 3.41 3.01
3.13 0.86 2.74
9.37 9.35 1.21
9.57 5.25 5.13
7.29 6.48 5.84
5.72 8.73 7.89
6.4 4.63 3.47
4.05 3.0 3.88
5.93 6.97 6.79
2.75 9.21 7.31
3.32 4.97 7.27
5.0 5.38 1.62
4.79 8.77 4.03
1.31 6.98 7.66
9.23 4.49 6.3
5.03 4.83 0.97
4.72 5.18 3.11
9.64 6.11 5.68
5.52 7.04 6.18
9.7 9.35 3.61
6.86 6.45 1.48
4.48 4.62 3.54
7.88 8.99 2.37
9.02 2.6 6.62
5.13 6.55 5.38
7.19 6.71 6.21
6.33 9.09 6.02
5.72 5.31 6.7
2.75 4.31 5.25
9.21 7.16 8.99
6.73 6.99 7.33
9.91 5.13 9.79
7.5 4.96 9.12
4.49 4.41 8.29
5.95 5.07 9.95
6.39 8.19 2.75
1.27 8.66 9.82
6.29 8.96 9.9
5.34 4.21 9.0
0.59 4.62 5.02
3.34 8.71 9.02
2.73 3.52 1.8
5.54 6.07 8.18
5.36 4.55 4.19
8.13 7.26 3.56
1.31 2.62 2.95
4.68 7.44 5.06
4.8 6.32 2.67
9.8 9.44 4.02
5.93 2.51 7.17
6.64 6.34 9.71
1.35 3.38 3.61
0.8 3.93 3.58
3.64 3.12 3.14
5.15 9.82 7.48
7.68 8.51 8.29
6.14 3.21 5.23
9.41 8.08 7.15
7.7 7.39 0.95
2.5 6.02 5.31
8.23 8.68 8.26
4.11 9.59 7.99
6.21 6.56 7.55
3.8 7.78 4.42
6.19 4.96 7.84
7.41 6.67 3.64
3.73 1.27 3.93
3.37 5.3 3.67
3.15 5.85 8.08
3.82 4.32 7.71
8.81 2.38 8.88
3.92 2.06 1.93
5.62 9.69 6.59
6.87 5.11 3.82
9.15 5.38 5.78
5.4 4.94 4.87
4.26 6.8 7.98
5.22 3.78 8.0
5.18 4.37 3.35
6.29 5.93 3.11
5.84 3.85 4.02
8.61 9.17 5.86
5.45 8.0 4.98
6.08 9.6 7.07
7.41 3.98 8.26
7.24 6.44 6.21
3.71 4.46 6.57
6.21 7.46 3.91
6.3 8.37 4.0
5.99 7.98 4.48
8.55 5.76 7.16
9.27 8.02 3.32
4.89 6.72 2.44
8.91 3.0 5.96
5.07 3.53 1.68
5.42 7.45 3.15
8.23 9.65 8.21
8.89 2.95 6.56
8.3 8.46 2.03
8.3 9.02 3.81
1.88 6.37 6.78
3.61 4.25 0.65
4.43 9.4 6.83
4.46 1.61 3.43
4.88 1.61 4.27
6.68 7.36 8.01
7.1 2.17 6.55
3.84 5.57 4.21
3.36 7.11 4.13
6.75 6.85 4.81
8.88 7.05 5.18
6.97 8.32 6.96
2.13 5.3 3.34
4.69 6.01 8.81
2.64 4.06 5.38
5.15 5.67 4.57
4.38 5.6 6.78
4.33 4.64 8.51
6.52 8.14 4.96
7.59 3.93 6.2
5.18 4.24 7.9
6.32 2.95 3.82
6.77 9.21 3.17
8.57 9.4 6.63
9.08 6.19 4.59
7.21 9.92 6.22
7.81 2.69 5.86
7.01 3.55 5.52
9.88 9.88 4.86
0.66 1.2 1.0
9.93 8.95 1.06
5.33 7.47 5.71
6.13 9.68 9.05
9.61 8.03 9.4
5.88 6.75 7.48
8.2 2.7 9.13
7.4 5.31 7.45
0.62 3.01 3.34
2.6 7.96 8.57
6.87 4.37 6.27
5.87 8.23 9.75
5.16 7.52 3.34
2.57 1.78 3.14
6.89 5.22 9.45
2.38 8.8 9.07
7.52 8.17 6.73
8.68 6.56 4.65
9.09 7.5 7.73
8.08 6.24 9.43
5.05 0.15 5.08
0.78 1.69 0.97
6.2 3.04 8.47
6.83 7.93 3.38
7.85 7.62 5.2
4.6 3.97 7.49
9.24 9.77 6.71
8.48 9.74 5.09
8.45 6.03 3.17
0.63 6.61 6.18
8.57 8.58 2.14
9.05 8.66 2.36
4.89 8.25 3.68
4.99 5.68 5.63
6.68 4.55 9.94
8.86 2.62 8.02
9.31 6.44 7.73
9.3 9.24 7.46
6.19 1.58 5.35
5.84 4.62 3.27
5.35 7.08 9.61
3.11 3.07 1.47
6.71 5.31 8.59
2.76 6.54 4.31
4.25 5.14 4.82
6.88 2.1 8.74
5.55 8.38 9.35
6.2 1.94 6.25
1.68 6.08 5.41
3.0 8.27 7.56
7.51 7.25 8.5
7.91 4.84 4.03
8.81 4.13 8.54
7.76 2.94 8.56
3.46 7.81 5.32
8.23 3.97 9.4
4.54 6.47 1.94
7.23 2.53 9.74
2.01 2.93 2.71
2.55 7.32 6.71
9.33 4.35 9.76
1.54 3.98 3.25
7.34 7.31 9.95
8.63 9.97 9.67
7.23 2.73 5.06
5.47 6.44 7.81
6.32 6.39 7.97
5.53 8.66 6.0
5.56 2.29 4.29
3.41 8.46 7.68
7.92 8.42 4.55
4.39 7.94 9.32
6.26 7.51 8.65
9.7 7.56 8.23
1.75 7.5 6.7
6.45 6.72 0.88
5.02 2.73 5.76
1.47 4.2 5.63
6.26 6.3 7.02
9.42 9.04 0.59
5.36 6.32 9.37
6.63 4.55 8.59
2.42 1.65 3.97
9.63 9.71 0.16
8.67 6.14 5.03
0.51 4.0 3.91
5.96 2.91 7.25
7.87 5.6 6.17
6.9 9.45 3.04
4.82 6.17 2.5
7.55 9.89 7.54
9.27 6.56 7.49
6.34 5.42 0.97
8.08 8.91 9.98
5.37 8.3 3.68
5.82 7.25 3.8
6.59 9.97 5.55
6.88 3.52 8.18
4.87 7.78 7.8
4.68 4.9 7.93
9.06 7.27 1.86
9.41 7.48 5.21
4.31 2.16 6.43
2.82 4.32 6.2
7.69 9.95 5.4
8.47 9.12 2.3
4.94 7.24 3.17
2.76 9.82 9.89
4.7 2.26 4.31
7.41 1.54 6.77
2.9 3.93 3.6
6.2 3.57 3.21
2.73 3.94 2.82
1.77 4.24 5.34
5.88 6.85 2.96
9.41 9.17 5.24
6.25 8.74 3.19
8.26 8.45 3.82
5.48 4.4 3.05
7.64 3.27 8.81
5.92 2.94 6.98
6.31 7.05 7.95
6.59 6.07 2.61
7.47 8.35 4.34
8.79 7.96 5.77
4.26 8.06 9.9
1.62 1.67 2.47
2.51 1.18 3.05
1.93 7.38 6.53
7.59 8.29 8.65
2.99 5.88 3.39
7.77 7.03 0.93
9.12 7.66 8.71
5.4 9.51 9.54
8.14 5.29 8.41
3.82 1.54 3.19
6.35 8.53 8.06
6.78 6.39 6.22
2.02 4.26 5.23
4.42 4.06 2.99
7.35 9.13 2.33
7.97 3.15 7.43
9.43 4.63 6.92
1.41 6.84 7.53
4.19 8.73 6.81
2.55 6.2 6.61
2.9 1.32 4.05
5.26 4.85 7.19
1.14 7.89 8.25
9.45 7.28 5.22
4.95 4.77 1.97
2.88 8.56 9.01
4.86 5.06 2.41
4.01 7.98 7.08
8.95 4.52 6.17
3.45 8.67 8.42
8.49 3.18 7.89
6.89 5.72 8.17
9.27 9.0 6.91
7.15 5.53 4.61
5.22 9.03 9.3
7.16 7.86 8.9
6.1 6.28 4.24
4.48 5.91 1.53
2.34 3.7 2.2
1.7 1.62 1.02
8.22 9.68 4.95
3.87 9.71 8.12
3.59 9.48 6.39
4.7 4.81 4.96
1.78 6.04 4.87
4.21 5.83 3.73
5.27 6.66 9.93
8.51 3.78 8.08
2.06 2.48 1.98
5.28 8.43 6.25
9.02 7.5 7.35
0.22 5.57 5.58
5.51 4.01 7.72
9.4 6.59 7.77
8.75 1.85 9.53
9.82 8.25 9.9
9.21 2.95 9.96
0.71 3.75 3.94
2.62 6.94 8.25
7.42 6.63 0.89
4.99 2.49 3.82
7.86 8.2 6.44
4.43 6.38 3.19
8.82 5.11 7.63
8.81 8.36 4.96
6.86 2.75 6.08
7.95 7.74 6.48
6.59 9.36 7.25
3.9 3.4 6.28
8.11 0.68 8.23
4.08 3.25 7.26
2.68 1.14 3.59
8.0 8.56 1.74
7.34 2.68 7.1
8.98 5.79 7.66
6.12 6.42 2.37
5.26 5.28 4.03
4.67 0.39 5.03
4.31 7.36 9.6
3.45 9.71 6.35
8.52 7.86 6.23
9.01 8.39 1.72
5.93 7.41 5.61
9.27 7.53 3.19
8.68 7.54 1.78
7.13 4.23 9.16
4.58 4.6 4.63
0.8 4.76 4.53
3.95 8.72 7.69
6.69 5.61 9.03
5.23 7.0 3.98
6.97 5.82 1.33
7.64 2.16 7.61
4.5 5.69 9.55
3.38 3.64 3.52
6.95 3.35 5.82
6.93 4.41 4.06
6.19 4.78 1.92
8.7 3.06 6.35
6.48 9.49 7.59
4.3 9.15 9.24
5.3 3.78 4.24
9.15 6.05 3.97
7.29 4.18 3.61
2.94 2.73 2.86
6.56 4.84 5.28
9.48 8.99 3.21
8.4 3.73 4.74
2.33 2.59 3.85
4.06 6.5 6.22
5.35 4.55 2.8
7.81 3.97 5.46
4.54 7.9 6.79
7.74 6.66 7.97
5.81 8.63 3.83
4.3 2.46 1.89
5.35 4.0 5.18
5.94 4.95 3.93
2.81 2.35 1.2
8.21 7.58 9.04
4.63 1.73 2.99
9.67 8.87 4.54
1.68 1.32 0.61
9.55 7.9 2.54
3.61 3.43 3.46
9.07 8.34 7.7
8.23 2.05 7.9
8.26 9.48 5.82
2.78 3.9 6.53
5.69 3.62 5.24
8.05 2.91 6.83
5.77 4.59 7.72
6.21 6.71 1.03
9.56 8.13 9.41
3.88 3.23 1.26
8.2 7.63 5.67
9.96 7.17 5.91
3.57 6.36 6.71
3.34 9.9 7.45
9.88 6.23 7.53
7.12 7.75 7.52
2.93 6.45 7.38
4.7 9.03 5.76
8.93 4.48 6.38
4.55 5.98 9.94
2.97 2.35 4.56
5.15 4.88 3.85
2.83 3.67 4.1
3.58 7.26 8.5
3.1 1.91 4.77
2.08 1.68 3.14
6.58 3.92 9.68
4.53 3.11 4.86
5.73 7.3 4.86
9.42 3.32 9.15
3.36 3.18 0.86
9.68 7.86 5.72
5.91 3.95 4.45
4.66 8.77 7.82
1.97 2.41 2.11
2.62 3.48 5.88
2.34 2.54 4.53
5.41 3.58 4.38
8.15 8.74 1.41
6.08 0.97 6.23
6.13 4.61 4.05
8.96 6.56 8.24
3.5 4.61 4.97
8.23 1.0 8.34
8.43 6.4 9.32
5.01 7.4 2.77
6.02 4.31 7.79
8.55 5.04 9.26
3.7 4.39 7.05
2.85 4.62 1.94
5.61 4.54 9.03
9.3 8.2 9.63
9.17 5.51 8.5
6.43 5.26 9.92
2.04 1.58 3.18
6.29 7.83 2.01
4.11 9.65 6.32
3.04 7.4 9.94
9.48 9.93 3.02
8.61 9.17 9.72
7.08 4.97 4.14
8.73 7.78 3.36
3.67 2.99 1.63
9.12 2.68 8.54
6.05 6.61 2.47
3.71 6.89 7.99
5.94 4.81 1.34
9.3 1.67 8.79
3.95 6.34 4.24
8.81 9.45 1.43
4.71 7.99 9.79
2.5 2.09 3.25
5.26 3.32 7.95
8.2 3.84 6.75
3.84 8.91 6.44
4.08 4.59 6.27
4.95 4.93 4.71
8.46 7.41 5.7
5.43 5.43 4.38
5.78 8.42 3.8
1.27 2.37 1.36
2.78 6.17 8.35
4.7 8.86 7.97
5.85 7.19 4.96
4.93 7.81 9.5
3.07 2.73 0.61
9.92 7.7 8.3
5.96 6.18 3.65
9.15 7.58 5.72
8.16 5.41 8.2
4.46 9.19 5.83
4.67 6.34 5.95
7.06 4.95 8.97
8.2 5.61 7.39
7.03 4.29 9.81
8.42 9.16 6.09
7.43 5.78 2.92
8.59 9.82 1.48
7.32 4.42 5.02
5.68 5.42 9.73
7.55 5.23 9.16
7.49 1.29 7.61
4.42 3.42 7.47
2.38 7.49 7.45
9.02 9.01 1.09
5.39 3.67 6.3
2.31 6.44 5.69
7.85 4.43 6.85
7.3 6.6 5.71
2.17 7.89 7.06
2.22 6.82 7.6
6.73 0.75 6.05
9.04 7.72 7.69
2.21 7.17 5.26
6.03 6.76 5.59
7.56 5.56 9.72
2.27 8.87 9.96
4.72 7.52 4.15
7.43 9.78 3.96
7.36 7.26 8.0
8.04 5.42 9.21
4.76 7.1 5.23
6.31 8.48 2.18
5.37 9.36 9.78
2.01 7.99 9.29
8.52 4.83 7.79
7.39 7.31 3.27
2.95 5.14 5.82
5.8 6.36 6.65
6.0 7.07 2.76
7.06 4.9 6.98
5.95 1.24 6.1
4.18 7.59 7.82
8.0 6.01 8.76
8.55 7.49 6.95
3.39 2.13 1.41
8.88 3.88 9.48
8.51 1.27 8.19
6.82 5.64 3.48
0.89 5.91 5.83
5.43 8.64 8.4
1.88 5.36 5.12
3.73 5.75 4.16
8.07 7.18 2.6
3.37 9.98 7.47
6.68 2.24 5.7
6.03 9.82 8.28
9.13 5.19 6.98
7.38 3.13 6.34
3.79 3.55 1.96
7.07 7.75 1.22
7.6 4.9 6.36
6.44 6.47 0.6
6.4 6.08 8.21
6.5 5.42 5.26
5.32 7.37 6.61
4.49 6.66 3.25
8.58 5.54 4.39
6.01 5.61 3.55
6.15 7.55 2.3
6.89 3.58 5.66
4.8 3.47 2.73
6.27 5.07 8.62
7.02 6.6 3.53
4.71 4.39 7.42
7.39 7.68 8.26
9.04 9.09 3.85
9.03 8.47 2.48
8.96 8.14 1.02
1.39 1.16 1.4
7.35 2.19 7.4
1.74 8.77 7.9
6.96 8.68 7.32
4.69 5.35 1.63
1.4 4.3 4.95
4.29 9.15 8.47
6.92 9.93 6.69
3.2 9.46 8.26
9.08 9.85 6.8
7.6 9.61 8.5
6.06 9.21 3.25
9.29 7.5 7.99
2.69 6.84 8.05
0.82 9.93 9.48
1.59 0.37 1.23
9.64 8.47 4.16
1.88 3.74 4.62
5.25 9.33 5.94
8.12 8.41 2.17
4.75 5.19 5.45
2.0 7.24 7.53
6.46 8.8 7.43
9.28 3.47 8.25
6.29 1.76 7.43
8.48 4.95 6.9
6.2 8.46 9.46
1.4 6.09 6.69
8.28 9.68 5.6
8.2 3.76 6.64
4.03 6.22 9.99
9.74 4.51 8.63
6.42 3.54 8.02
4.38 1.76 5.41
6.36 4.35 8.48
4.26 7.6 9.37
3.2 6.14 7.19
5.84 5.47 1.05
4.97 1.38 6.13
5.89 8.84 5.73
5.96 8.29 6.02
1.9 4.99 4.23
4.02 1.02 3.48
6.74 6.75 6.72
7.91 2.1 7.59
5.02 5.76 7.19
8.69 8.99 4.91
5.87 5.83 9.16
4.71 1.86 3.59
6.79 7.89 6.45
4.65 3.92 2.08
3.14 7.89 8.48
5.36 6.83 8.09
4.43 0.93 3.61
4.03 6.01 3.59
9.62 8.17 5.86
4.47 4.14 3.48
8.31 8.34 3.2
9.67 4.25 7.47
7.85 7.28 2.15
2.55 7.32 9.09
4.28 3.84 4.31
4.38 3.76 1.9
6.12 7.66 2.01
9.95 7.68 3.52
8.78 3.26 8.88
9.65 6.75 6.22
6.13 8.08 9.09
1.97 3.96 3.36
6.59 5.85 6.39
3.85 4.87 4.34
5.48 7.5 4.71
0.5 1.95 2.4
4.43 7.31 9.85
6.58 2.28 4.36
8.16 4.82 8.26
4.44 4.27 1.64
3.53 9.77 9.92
5.52 4.85 7.32
7.99 7.77 2.45
9.94 8.22 8.95
7.03 3.43 4.69
4.2 5.88 1.9
2.62 4.64 2.02
4.88 7.81 9.78
6.34 6.12 7.96
5.59 3.93 3.35
4.14 6.94 7.38
1.38 8.23 7.87
6.46 7.18 7.29
3.31 2.8 3.57
5.97 8.22 2.93
2.14 9.25 9.07
6.78 4.74 6.82
9.93 3.93 6.14
3.82 4.71 3.22
9.55 3.83 9.06
8.41 7.92 3.82
5.77 9.4 8.88
7.99 8.26 3.18
7.84 7.42 8.96
9.88 2.38 7.6
3.24 3.06 4.27
8.18 9.57 9.3
8.37 5.85 6.85
4.48 3.45 2.2
6.04 4.7 4.69
5.98 4.54 9.78
7.62 8.04 8.7
5.03 1.83 5.25
1.81 4.8 4.7
7.46 8.42 5.6
4.72 6.13 8.95
3.99 9.36 5.73
6.37 3.43 3.34
6.32 1.92 4.92
5.39 7.58 6.97
5.4 3.67 2.05
6.42 6.1 3.37
8.29 9.48 7.19
9.84 7.5 4.23
8.82 9.54 2.6
4.89 4.26 8.18
7.66 7.52 2.1
9.92 4.27 9.83
7.92 3.6 7.86
7.94 8.81 0.97
6.81 4.43 6.79
7.91 1.93 7.76
5.13 5.01 1.58
8.4 1.23 9.48
6.54 3.9 4.7
8.73 4.45 8.01
5.85 5.84 4.87
3.82 3.42 3.69
4.36 4.64 8.22
7.9 7.6 1.79
3.02 8.38 9.06
7.71 6.96 9.62
7.71 4.39 8.09
8.48 2.9 6.01
7.18 3.17 9.49
4.05 7.3 8.33
5.11 7.68 9.99
3.87 3.89 6.71
4.0 3.56 2.5
6.7 5.4 4.53
7.37 9.12 9.47
9.36 4.41 9.55
2.71 2.82 5.13
7.13 7.31 1.43
3.77 7.98 8.07
9.35 6.08 4.82
6.9 3.94 5.02
7.79 6.2 7.36
9.21 4.69 8.49
8.41 5.01 8.17
5.28 9.04 4.52
7.03 3.91 5.44
7.33 6.13 5.08
8.62 9.3 2.87
3.38 8.92 7.9
8.73 9.23 7.41
5.42 3.73 1.89
4.73 3.82 3.14
9.11 3.91 9.47
5.98 7.25 2.22
7.99 6.42 9.48
7.57 1.48 7.29
7.18 6.86 5.59
7.64 7.43 3.02
6.21 7.28 7.55
7.97 5.5 9.36
6.37 4.34 3.39
5.38 6.87 5.0
3.74 5.0 7.96
4.71 5.75 4.01
3.48 9.34 6.86
9.59 7.22 9.47
1.53 6.83 5.81
1.04 2.7 2.13
6.98 1.22 6.03
5.21 9.6 4.4
1.85 8.71 9.71
8.94 3.04 9.07
8.14 5.78 6.83
5.2 3.11 2.87
7.32 8.62 7.16
4.01 6.19 3.64
3.55 9.6 7.79
4.09 3.44 3.0
5.74 9.09 6.34
4.32 5.1 8.11
3.84 3.82 7.29
8.7 7.15 6.85
8.1 2.91 9.55
8.46 2.72 8.33
9.13 9.74 6.12
5.69 8.07 4.25
4.88 9.02 4.9
6.18 9.63 8.84
7.02 5.77 4.8
6.77 8.76 7.56
6.83 6.6 6.58
7.16 2.36 5.28
4.16 8.49 7.95
0.73 4.89 5.33
5.07 8.35 5.37
8.87 8.02 7.45
0.66 3.23 3.03
6.19 5.74 7.47
6.87 2.05 7.87
9.79 8.54 8.78
8.77 2.81 9.44
4.85 7.9 9.46
4.07 3.13 6.54
7.36 8.33 5.81
8.99 0.23 8.8
4.32 8.07 7.35
4.98 8.92 5.92
3.95 5.73 7.43
9.15 9.69 9.68
9.15 8.43 9.53
9.32 3.01 6.84
5.29 5.11 7.5
1.32 8.92 7.65
7.45 5.16 3.5
8.46 5.73 5.82
5.3 7.81 6.86
2.5 8.61 6.43
7.41 6.46 9.18
9.82 7.19 8.99
5.55 8.92 3.4
7.83 1.88 6.44
1.32 8.15 8.35
1.03 4.78 5.63
8.74 5.55 7.47
4.02 4.08 5.69
2.03 5.39 3.94
2.95 8.85 8.83
3.83 4.04 5.06
5.94 5.39 8.64
5.18 6.12 8.23
7.4 5.75 3.24
3.79 3.56 1.75
6.74 6.56 3.83
6.52 7.63 1.86
2.53 5.75 6.46
7.08 1.54 7.71
6.39 8.53 3.4
6.39 3.3 9.34
7.3 4.83 3.99
4.85 5.25 2.42
5.59 4.93 9.3
3.15 5.73 3.88
9.15 5.2 7.06
4.85 3.96 6.72
3.79 2.2 4.42
4.16 5.36 9.42
8.12 2.76 9.97
2.59 0.77 3.11
3.15 6.6 3.74
9.11 2.32 8.39
4.78 6.79 7.48
4.53 7.89 4.34
6.88 6.18 2.45
7.7 4.55 4.15
7.19 1.23 6.27
3.01 7.72 7.41
4.44 5.37 2.94
1.05 2.34 2.27
8.8 3.9 5.87
7.75 7.44 7.15
9.8 7.01 8.52
7.84 3.79 5.6
1.77 2.75 1.02
4.21 3.22 2.36
8.32 5.59 7.41
2.39 7.29 8.97
7.17 7.44 5.61
5.31 8.24 6.41
9.11 4.0 9.28
4.56 3.78 4.15
4.66 7.62 5.84
2.62 3.76 2.84
4.54 4.07 5.33
8.92 9.57 7.41
4.48 4.22 6.43
8.49 8.69 9.21
9.84 1.39 8.65
6.96 2.64 6.21
0.87 9.02 8.78
3.09 3.12 0.89
3.91 9.54 9.52
5.33 2.06 6.52
5.41 9.38 5.71
5.79 5.85 5.73
8.66 5.52 4.24
4.86 3.76 6.2
3.02 1.95 1.26
6.1 6.18 3.58
3.85 6.73 4.39
1.3 7.71 6.88
5.29 9.87 7.81
2.01 4.96 4.68
9.3 6.39 5.31
8.18 8.9 3.69
2.99 6.46 9.37
7.44 2.52 5.97
4.56 4.52 3.72
7.44 8.32 1.55
5.99 4.94 9.45
