S1000 23 0.0 1.2 1.1 No 85.0 8.0 56.2
S1001 20 6.9 2.8 2.3 No 97.3 4.6 100.0
S1002 21 1.4 3.1 1.3 No 94.8 8.0 34.3
S1003 23 1.0 3.9 1.0 No 71.0 9.2 26.8
S1004 19 5.0 4.4 0.5 No 90.9 4.9 66.4
S1005 24 7.2 1.3 0.0 No 82.9 7.4 100.0
S1006 21 5.6 1.5 1.4 Yes 85.8 6.5 89.8
S1007 21 4.3 1.0 2.0 Yes 77.7 4.6 72.6
S1008 23 4.4 2.2 1.7 No 100.0 7.1 78.9
S1009 18 4.8 3.1 1.3 No 95.4 7.5 100.0
S1010 19 4.6 3.7 0.8 No 77.6 5.8 63.3
S1011 23 3.9 2.4 2.5 No 71.7 7.9 74.4
S1012 19 3.7 2.1 0.4 Yes 81.1 4.5 76.9
S1013 19 3.4 2.7 2.7 No 89.3 4.7 75.8
S1014 24 2.4 1.5 0.7 No 87.4 6.7 78.9
S1015 21 3.1 5.0 1.0 No 97.5 6.5 74.0
S1016 20 1.0 0.6 0.2 No 92.9 5.6 55.2
S1017 24 3.4 2.7 1.2 No 94.7 7.5 70.8
S1018 24 2.0 4.9 2.9 Yes 88.3 7.1 43.9
S1019 19 1.8 2.5 2.4 No 71.1 7.5 45.3
S1020 22 3.8 2.3 2.9 No 83.0 6.4 58.5
S1021 21 5.6 2.1 2.4 No 95.6 7.2 82.5
S1022 18 4.9 2.3 0.6 No 84.5 6.0 98.7
S1023 24 1.1 4.1 1.4 Yes 90.0 9.0 43.7
S1024 20 2.0 0.0 0.9 Yes 81.8 5.5 54.9
S1025 22 4.9 4.3 3.3 No 74.7 9.0 69.9
S1026 22 2.0 0.8 0.5 No 83.8 6.5 73.5
S1027 18 3.2 2.2 2.8 Yes 88.1 4.8 71.1
S1028 24 4.3 2.0 2.8 Yes 78.4 8.1 82.8
S1029 20 2.0 3.2 3.8 Yes 82.6 6.7 75.7
S1030 21 3.7 0.6 1.3 No 75.6 7.5 70.6
S1031 17 1.5 3.1 2.6 Yes 96.2 8.0 51.3
S1032 20 2.6 4.9 4.3 No 82.1 6.9 52.1
S1033 18 4.0 0.9 1.1 No 99.5 5.8 70.7
S1034 22 1.1 2.7 0.1 No 100.0 7.7 51.2
S1035 21 4.2 1.7 0.0 Yes 84.2 6.5 72.6
S1036 20 3.5 3.0 2.6 No 74.9 7.3 70.7
S1037 17 4.3 2.5 0.0 Yes 64.1 3.9 59.4
S1038 17 3.8 1.7 1.4 No 70.3 7.0 58.1
S1039 19 5.5 3.1 2.3 No 71.3 5.7 82.3
S1040 19 3.7 4.7 2.0 No 98.8 8.5 69.7
S1041 23 2.9 2.3 2.3 No 86.2 7.2 66.0
S1042 18 3.7 3.4 2.0 No 88.9 6.8 63.5
S1043 24 4.3 0.9 3.2 No 62.8 7.1 65.7
S1044 20 3.6 1.4 0.8 No 73.0 5.3 78.5
S1045 20 3.6 3.1 1.1 No 93.9 8.4 75.1
S1046 24 2.4 4.3 1.0 No 87.9 8.9 71.0
S1047 23 2.5 2.9 2.7 No 83.5 7.0 59.7
S1048 22 1.4 2.1 2.8 No 90.6 8.4 52.6
S1049 22 6.1 2.5 2.3 No 100.0 5.8 96.5
S1050 23 1.6 1.0 3.1 No 82.8 5.5 62.0
S1051 22 2.5 3.2 0.5 No 85.7 6.5 59.7
S1052 19 2.4 3.6 3.6 No 86.9 7.0 48.4
S1053 20 4.8 2.0 3.5 No 100.0 6.0 70.6
S1054 23 3.1 1.9 2.6 Yes 64.0 7.1 68.1
S1055 20 5.4 2.8 3.8 No 91.8 6.9 87.2
S1056 24 2.5 2.0 0.0 No 83.9 5.3 66.7
S1057 17 3.9 2.4 1.2 No 90.7 7.1 75.2
S1058 19 2.2 5.0 1.0 No 78.4 7.5 46.4
S1059 21 6.7 2.2 2.6 No 84.5 6.7 97.1
S1060 19 1.7 2.1 0.6 Yes 92.1 7.9 61.2
S1061 23 4.0 1.7 2.6 No 100.0 5.0 75.0
S1062 21 4.5 3.4 3.3 Yes 93.1 7.1 94.7
S1063 17 4.1 2.3 2.6 Yes 76.5 5.1 77.6
S1064 23 3.2 1.7 2.1 No 80.8 5.2 68.6
S1065 18 3.3 4.1 0.7 No 80.5 5.7 69.6
S1066 20 3.6 4.2 0.9 No 67.0 5.4 66.5
S1067 17 3.3 1.8 3.2 No 81.7 5.8 62.2
S1068 20 4.9 0.3 2.7 Yes 92.3 6.2 82.1
S1069 22 6.8 3.7 1.8 No 72.3 7.5 100.0
S1070 18 2.7 1.7 1.3 No 95.5 6.1 59.7
S1071 18 1.4 3.4 0.0 No 89.9 4.6 55.1
S1072 17 3.4 0.1 0.6 No 77.7 7.9 77.1
S1073 18 7.4 3.6 3.9 No 83.6 5.5 97.7
S1074 21 2.3 1.0 0.4 No 100.0 6.4 66.9
S1075 18 6.0 3.4 2.0 Yes 92.3 7.0 99.9
S1076 20 6.0 2.5 2.9 No 85.1 6.7 100.0
S1077 20 2.7 1.4 0.4 No 82.6 7.8 57.2
S1078 23 4.4 2.0 2.0 Yes 85.8 7.1 77.3
S1079 20 5.9 3.3 2.8 Yes 79.9 5.5 91.6
S1080 23 2.9 2.6 1.8 No 64.0 9.1 70.7
S1081 20 3.2 3.2 5.0 No 100.0 6.7 57.6
S1082 21 2.6 4.9 0.0 Yes 86.6 6.3 60.2
S1083 24 2.0 0.6 3.0 No 89.0 7.7 50.5
S1084 23 2.5 4.4 1.6 No 84.4 6.8 51.3
S1085 19 1.7 2.6 2.6 No 77.6 7.0 53.5
S1086 22 3.6 1.4 2.3 No 83.1 9.5 79.2
S1087 17 2.3 0.9 1.0 No 69.0 6.2 47.2
S1088 20 3.9 2.3 2.1 No 100.0 6.1 73.4
S1089 18 1.2 3.6 0.0 No 72.7 6.6 41.1
S1090 24 4.0 2.3 2.5 No 74.7 7.8 77.8
S1091 20 4.8 4.3 2.1 No 80.6 4.7 63.4
S1092 18 0.5 0.8 2.5 Yes 97.9 4.1 43.9
S1093 22 4.1 2.5 3.0 No 85.1 5.8 70.2
S1094 22 5.3 1.0 2.2 No 72.6 4.5 81.3
S1095 22 1.7 2.9 2.0 No 97.5 6.0 50.2
S1096 18 6.0 3.6 0.8 No 92.3 7.1 87.9
S1097 20 4.1 2.0 1.0 No 90.4 5.4 80.9
S1098 22 2.4 0.0 3.1 No 92.2 4.8 63.9
S1099 21 3.4 2.7 3.4 No 100.0 6.6 65.6
S1100 23 4.3 3.0 1.5 No 100.0 7.5 93.2
S1101 18 3.6 3.0 1.9 No 78.1 4.5 74.0
S1102 18 4.3 4.0 0.8 No 100.0 7.5 60.8
S1103 20 2.1 1.2 3.1 No 88.8 7.5 50.4
S1104 18 3.8 3.3 2.5 No 90.0 7.6 74.3
S1105 18 1.4 3.9 3.9 Yes 68.1 8.0 32.8
S1106 22 3.3 0.4 0.8 No 83.3 9.1 82.3
S1107 20 2.1 2.9 1.4 No 76.9 6.1 60.4
S1108 22 2.4 1.9 2.1 No 93.3 6.6 60.0
S1109 23 5.4 2.4 2.5 No 95.7 6.0 77.5
S1110 24 5.1 2.9 1.6 No 64.3 6.5 86.5
S1111 23 4.4 1.9 0.8 No 84.8 8.3 76.9
S1112 24 1.9 1.7 2.8 No 96.2 4.9 43.9
S1113 22 3.0 2.5 2.6 No 83.1 5.5 51.3
S1114 23 5.3 1.2 0.8 No 92.3 8.2 83.3
S1115 20 3.7 1.2 3.3 No 88.5 7.7 82.7
S1116 17 7.0 3.3 3.1 No 88.4 6.1 94.8
S1117 22 4.1 1.1 1.9 No 82.3 7.5 80.8
S1118 24 3.8 3.3 1.9 No 72.8 6.9 58.3
S1119 21 3.0 3.1 2.4 Yes 73.8 8.3 66.3
S1120 24 3.7 0.4 0.9 No 92.1 6.6 87.9
S1121 21 3.3 1.7 1.8 No 85.2 7.7 60.5
S1122 18 4.6 3.9 0.0 No 83.6 9.7 84.8
S1123 23 4.9 1.3 2.8 No 80.8 7.2 77.0
S1124 21 2.3 1.9 0.1 No 81.9 6.6 61.7
S1125 24 1.5 3.1 3.5 No 95.5 7.4 44.0
S1126 18 0.7 3.4 1.4 Yes 81.6 6.1 42.4
S1127 17 4.3 2.2 1.6 No 71.6 9.4 88.0
S1128 20 1.8 1.8 1.1 No 92.4 6.7 48.7
S1129 20 0.3 4.2 1.5 No 83.0 6.2 26.8
S1130 20 4.1 4.6 3.4 No 85.3 5.5 81.6
S1131 21 7.2 3.7 0.0 No 100.0 7.8 100.0
S1132 17 3.5 2.6 3.2 Yes 84.8 7.5 74.0
S1133 21 4.8 1.5 2.2 No 87.9 5.9 78.4
S1134 23 3.6 1.5 0.5 No 73.2 7.2 70.7
S1135 21 3.4 3.1 0.6 No 82.8 4.7 74.3
S1136 17 4.9 3.0 3.6 No 91.1 6.7 67.6
S1137 17 3.1 4.2 0.8 No 69.4 7.0 64.7
S1138 23 3.9 3.3 0.5 No 87.0 8.5 64.1
S1139 17 4.0 0.7 3.1 No 86.0 5.6 83.5
S1140 24 2.5 3.8 2.2 No 85.4 5.0 63.4
S1141 17 5.0 1.3 0.8 No 95.4 5.4 96.2
S1142 20 3.2 2.0 2.0 No 88.3 4.9 65.4
S1143 24 2.4 2.8 0.7 No 99.8 8.1 62.0
S1144 24 4.3 4.9 3.0 No 75.1 8.4 74.0
S1145 23 2.2 6.2 3.0 No 86.4 6.9 46.7
S1146 19 3.5 3.2 2.4 No 85.8 8.0 75.5
S1147 19 3.5 2.3 2.2 No 74.3 6.7 78.1
S1148 17 5.1 3.1 3.7 No 94.6 6.4 85.2
S1149 24 4.2 3.6 1.8 Yes 100.0 6.1 75.4
S1150 19 3.5 2.1 0.5 Yes 84.8 6.1 64.2
S1151 19 4.7 4.7 2.3 No 90.1 4.6 69.7
S1152 17 5.6 2.8 4.1 No 85.8 6.8 90.3
S1153 19 4.3 3.1 0.7 No 77.9 6.5 81.4
S1154 21 3.5 3.3 1.4 No 66.8 7.4 65.0
S1155 18 1.5 3.0 2.3 No 77.9 6.6 57.3
S1156 23 1.9 3.5 1.7 Yes 71.1 6.3 57.7
S1157 18 3.0 1.8 0.7 No 100.0 5.5 56.7
S1158 17 2.6 1.8 3.0 No 83.8 6.6 62.3
S1159 20 3.2 1.2 4.4 No 81.5 7.4 77.9
S1160 23 3.6 3.0 2.0 No 93.9 5.1 65.2
S1161 17 4.3 3.4 0.8 No 73.8 6.6 76.8
S1162 24 3.4 3.0 0.1 No 77.3 6.8 83.8
S1163 20 4.2 4.5 2.1 No 85.7 5.6 70.6
S1164 18 3.6 2.5 3.0 No 95.3 5.8 63.1
S1165 17 0.5 3.3 2.3 No 90.0 6.8 39.0
S1166 24 2.1 1.2 1.8 No 87.5 5.1 66.7
S1167 23 3.3 2.0 1.2 Yes 85.8 6.9 72.2
S1168 23 1.7 3.3 0.6 No 89.0 5.4 50.1
S1169 22 4.4 3.5 2.7 Yes 87.0 7.8 62.4
S1170 24 5.8 2.1 2.8 No 74.7 9.3 96.6
S1171 21 5.3 2.4 0.1 No 85.5 5.5 85.8
S1172 19 3.2 0.7 3.5 No 74.3 7.1 68.3
S1173 20 5.7 2.1 2.4 No 85.8 5.6 83.8
S1174 24 3.7 3.6 3.3 Yes 80.2 7.7 69.3
S1175 22 3.0 3.2 0.3 No 100.0 5.0 65.3
S1176 19 2.6 3.1 0.3 No 84.6 7.1 77.5
S1177 19 3.0 2.6 1.6 No 71.0 5.5 55.0
S1178 17 2.9 2.5 2.4 Yes 83.7 6.3 65.2
S1179 19 3.8 1.7 3.8 No 90.2 5.3 58.1
S1180 21 3.7 3.3 2.6 Yes 100.0 7.5 69.2
S1181 23 3.5 3.0 1.5 Yes 79.1 5.5 67.4
S1182 22 4.2 3.1 0.7 No 69.2 7.2 79.9
S1183 19 5.3 1.9 3.2 No 93.2 6.1 85.7
S1184 17 4.9 0.0 0.7 No 71.2 6.4 96.2
S1185 21 1.3 3.8 3.6 Yes 80.6 6.7 40.4
S1186 18 0.0 1.9 1.5 No 82.4 5.6 55.2
S1187 23 4.9 1.5 3.5 No 84.3 6.8 73.8
S1188 23 1.4 3.3 2.5 No 91.9 8.3 46.5
S1189 22 3.2 2.0 1.6 No 78.2 5.6 60.5
S1190 23 1.7 3.8 1.2 No 82.3 7.9 55.4
S1191 19 0.8 3.2 1.4 No 84.9 8.3 45.1
S1192 17 4.3 3.3 2.3 No 86.5 5.5 69.4
S1193 23 4.6 0.9 1.9 No 86.0 4.8 81.3
S1194 23 2.6 4.0 1.1 No 89.4 6.9 66.6
S1195 18 0.0 2.8 1.6 No 93.4 5.8 26.7
S1196 18 2.7 2.1 1.9 No 88.9 8.7 64.5
S1197 20 4.1 2.7 0.0 No 89.5 6.5 87.1
S1198 21 1.3 0.4 2.3 Yes 69.2 5.5 42.2
S1199 19 3.8 3.0 0.7 No 85.5 5.1 61.6
S1200 23 3.5 1.3 0.5 No 89.8 7.8 81.9
S1201 24 4.4 0.9 0.0 No 92.3 5.8 96.5
S1202 23 3.7 0.7 0.0 No 78.1 6.6 85.1
S1203 17 2.0 3.8 0.3 No 78.4 7.6 58.5
S1204 20 5.3 1.7 1.0 No 79.3 5.9 78.4
S1205 21 3.3 4.3 3.9 No 90.4 6.4 56.4
S1206 24 3.5 1.9 1.2 No 95.3 6.5 92.6
S1207 20 2.1 0.5 2.0 No 80.9 7.3 62.3
S1208 22 2.8 1.2 2.2 Yes 94.1 7.2 75.8
S1209 21 2.2 4.0 1.9 No 86.2 6.2 47.1
S1210 23 3.2 2.3 1.7 Yes 83.8 6.6 66.3
S1211 23 6.1 1.8 0.5 No 82.9 6.1 98.3
S1212 21 1.4 2.7 3.4 No 92.5 4.7 29.7
S1213 23 1.1 3.1 3.8 No 88.3 6.8 45.5
S1214 19 5.7 3.8 0.0 No 100.0 8.8 100.0
S1215 21 3.2 4.2 0.7 No 76.5 5.4 67.5
S1216 20 2.5 2.1 1.5 No 90.2 5.6 60.3
S1217 21 5.1 0.9 0.7 No 79.7 5.5 87.0
S1218 24 2.6 2.0 2.4 No 76.3 7.4 48.5
S1219 23 6.2 2.8 1.0 No 84.9 7.0 100.0
S1220 19 4.5 1.3 4.2 No 86.4 6.3 82.1
S1221 19 2.8 1.4 3.1 No 100.0 5.4 63.7
S1222 22 6.7 2.9 2.0 No 83.2 6.6 100.0
S1223 20 2.6 2.4 2.9 No 73.7 4.6 41.9
S1224 18 4.6 2.5 3.0 No 87.7 6.7 72.7
S1225 18 3.9 1.6 1.2 No 64.3 7.5 74.3
S1226 21 5.5 2.2 0.9 Yes 84.1 5.0 88.7
S1227 22 5.8 1.4 1.9 No 85.2 4.7 96.6
S1228 17 3.5 3.6 2.7 No 92.9 8.4 72.6
S1229 21 2.4 3.7 2.0 No 94.7 5.8 52.4
S1230 22 4.2 0.3 0.1 No 80.0 7.9 100.0
S1231 20 2.5 1.4 0.9 No 83.5 6.3 73.1
S1232 20 6.5 0.7 1.7 No 77.3 6.3 100.0
S1233 20 3.7 1.7 1.7 No 73.7 7.0 80.8
S1234 20 3.0 2.4 4.0 No 88.1 5.4 62.9
S1235 20 3.8 0.8 0.3 No 72.3 6.7 71.5
S1236 22 1.5 1.4 2.4 No 80.9 6.0 46.2
S1237 22 2.0 1.3 3.4 Yes 75.0 4.9 53.8
S1238 19 5.3 2.7 4.3 No 90.5 6.9 74.2
S1239 24 2.5 2.6 1.4 No 100.0 6.2 52.5
S1240 18 1.9 1.6 2.3 No 72.0 6.3 51.2
S1241 23 4.3 2.7 2.4 Yes 66.5 5.0 60.6
S1242 20 5.3 1.8 2.0 No 83.8 8.4 91.5
S1243 17 4.6 2.2 1.7 No 85.2 7.6 87.3
S1244 23 5.0 4.5 2.3 No 87.2 7.7 98.0
S1245 22 2.4 4.1 0.0 No 80.5 6.1 47.9
S1246 17 1.4 0.9 2.6 Yes 83.0 4.4 51.0
S1247 17 5.8 3.5 1.9 No 88.7 8.8 90.0
S1248 17 3.0 3.5 1.6 No 95.4 6.4 54.1
S1249 19 3.1 1.1 4.1 No 65.4 5.6 58.4
S1250 22 5.5 3.5 1.1 Yes 81.3 7.0 100.0
S1251 17 4.3 4.3 1.4 No 87.1 7.9 65.2
S1252 20 4.2 1.2 4.0 No 75.8 6.5 85.3
S1253 21 6.7 1.4 0.9 No 100.0 8.0 93.8
S1254 17 2.5 3.7 1.2 Yes 78.6 7.8 78.8
S1255 19 4.9 2.8 1.6 No 84.6 5.2 85.0
S1256 23 3.6 3.2 2.7 No 90.6 5.7 64.5
S1257 22 3.9 2.9 2.0 No 79.1 7.6 71.0
S1258 24 5.8 3.0 0.4 No 66.5 3.2 90.8
S1259 19 4.3 0.9 1.2 No 80.7 6.3 72.6
S1260 17 4.3 3.8 1.1 No 95.3 4.8 70.9
S1261 22 5.1 3.9 1.7 Yes 81.6 5.9 65.1
S1262 21 3.0 2.2 2.3 No 76.5 6.1 49.1
S1263 17 2.2 2.4 2.3 Yes 94.3 6.1 62.7
S1264 19 1.9 0.7 0.0 No 81.7 5.8 51.5
S1265 18 0.6 3.1 3.0 No 79.9 5.2 18.4
S1266 20 6.6 3.2 2.1 No 86.5 9.3 100.0
S1267 24 1.8 2.4 3.3 Yes 92.7 8.7 53.3
S1268 23 3.2 3.8 2.3 No 100.0 5.1 76.1
S1269 19 3.1 2.1 3.0 No 93.3 8.4 85.6
S1270 22 4.0 3.2 2.3 Yes 96.6 6.0 63.0
S1271 24 4.7 1.3 3.3 Yes 79.9 6.7 73.6
S1272 24 4.8 2.5 2.4 Yes 74.7 6.4 76.2
S1273 24 2.6 2.3 1.7 No 85.6 5.7 45.5
S1274 17 3.2 2.8 4.3 No 86.1 7.7 58.6
S1275 20 3.9 2.1 2.8 No 74.2 6.7 77.8
S1276 17 3.1 2.3 2.4 Yes 83.2 5.9 61.5
S1277 22 5.9 3.5 0.4 No 89.0 4.9 71.4
S1278 17 4.2 2.0 0.4 No 88.6 5.4 93.9
S1279 18 4.6 0.6 2.1 No 90.0 4.5 85.9
S1280 20 4.5 4.6 2.0 No 87.9 6.5 73.8
S1281 20 5.3 4.2 1.1 Yes 79.9 5.1 83.3
S1282 22 3.8 0.9 2.0 Yes 79.9 6.2 79.7
S1283 23 1.6 3.3 3.5 Yes 73.0 8.1 47.1
S1284 18 4.1 1.9 2.6 No 100.0 7.9 91.9
S1285 19 2.5 2.8 0.5 Yes 85.1 6.5 60.6
S1286 17 2.7 2.9 1.7 No 82.8 6.4 46.6
S1287 21 4.4 2.2 0.9 No 75.7 8.8 84.2
S1288 17 5.4 1.6 1.4 No 100.0 7.1 95.5
S1289 24 3.5 1.7 1.3 No 74.3 6.1 73.5
S1290 17 4.0 1.4 1.3 No 80.7 4.8 75.9
S1291 19 6.1 1.5 0.4 No 89.2 7.0 100.0
S1292 17 3.9 2.4 1.7 Yes 91.0 7.5 74.2
S1293 18 7.4 1.6 1.2 No 94.6 5.7 100.0
S1294 18 4.3 3.3 0.0 No 100.0 6.8 94.9
S1295 20 0.9 4.3 4.1 No 90.1 6.1 27.6
S1296 22 4.6 1.8 3.0 No 74.4 6.3 86.2
S1297 23 4.1 2.8 1.4 No 82.4 3.5 60.1
S1298 21 5.4 3.1 1.8 No 88.1 6.2 91.3
S1299 24 4.5 3.1 0.5 No 100.0 7.7 93.8
S1300 17 3.3 2.6 3.7 No 71.0 5.7 61.6
S1301 17 1.7 3.4 3.9 Yes 97.0 6.6 41.7
S1302 19 3.2 3.1 2.0 No 86.8 5.6 74.5
S1303 22 2.2 1.0 2.9 No 93.4 6.9 63.7
S1304 18 2.6 3.5 2.0 No 84.0 6.2 39.6
S1305 21 4.4 3.6 0.3 No 76.6 5.4 87.5
S1306 20 6.0 1.6 1.3 No 92.5 8.1 100.0
S1307 18 4.1 2.5 1.9 Yes 91.5 7.6 75.4
S1308 24 1.7 3.3 1.3 No 94.7 5.8 61.5
S1309 22 4.2 2.2 1.6 No 84.9 7.1 73.3
S1310 24 5.3 3.8 1.7 No 79.0 7.1 96.3
S1311 23 2.6 5.3 1.7 Yes 69.4 7.3 67.0
S1312 20 3.3 1.6 1.9 No 93.2 4.5 70.1
S1313 23 3.5 0.8 0.6 No 89.2 7.7 84.2
S1314 19 2.3 2.9 1.0 No 75.3 5.8 48.9
S1315 24 4.5 3.4 0.4 No 79.6 6.1 98.8
S1316 19 3.3 2.2 2.9 Yes 80.3 9.7 76.1
S1317 17 4.1 4.2 0.0 No 70.2 6.9 80.4
S1318 23 2.2 0.9 3.1 No 76.8 6.0 64.1
S1319 22 2.8 3.3 3.3 No 73.7 3.9 59.4
S1320 24 4.6 1.8 1.5 No 80.9 8.2 94.2
S1321 21 2.9 4.6 0.0 Yes 77.6 4.9 67.8
S1322 20 6.1 4.9 1.4 No 68.7 5.3 96.1
S1323 18 2.9 1.6 1.7 No 100.0 6.1 70.2
S1324 22 3.8 1.8 0.7 No 97.5 8.2 84.2
S1325 22 4.9 3.5 1.2 No 77.2 7.4 75.4
S1326 19 1.4 2.0 3.5 No 87.7 6.3 41.7
S1327 23 0.9 2.4 2.5 No 89.2 6.9 23.1
S1328 24 1.2 2.5 0.8 Yes 96.9 5.8 50.3
S1329 24 5.4 0.2 0.0 No 76.8 6.7 100.0
S1330 17 2.7 2.5 1.4 No 95.9 6.6 52.2
S1331 17 7.3 1.7 1.6 No 79.5 7.7 100.0
S1332 20 2.7 1.9 2.3 No 71.6 7.7 71.2
S1333 19 3.8 4.2 1.2 No 92.2 7.1 72.3
S1334 22 5.8 1.0 2.4 No 97.9 6.1 100.0
S1335 24 6.5 3.5 3.9 No 100.0 7.4 100.0
S1336 21 6.6 2.2 2.7 No 73.0 6.4 100.0
S1337 19 5.3 2.2 1.7 No 92.0 5.2 93.1
S1338 20 5.0 3.4 1.6 Yes 80.9 6.0 67.7
S1339 20 4.4 2.9 1.4 No 92.8 6.6 77.9
S1340 19 4.7 3.2 3.1 Yes 70.3 7.6 80.3
S1341 20 2.7 3.7 1.1 No 72.4 6.3 44.3
S1342 19 2.3 2.1 1.8 No 77.2 5.0 54.7
S1343 18 3.5 1.8 1.9 No 85.8 6.6 85.0
S1344 19 3.2 1.2 1.2 No 78.6 6.6 81.7
S1345 23 2.8 1.5 0.3 No 91.6 6.7 71.6
S1346 19 4.5 6.0 2.2 Yes 95.3 7.6 73.7
S1347 20 4.9 4.0 1.7 No 91.0 7.7 77.0
S1348 24 3.6 0.9 2.4 No 100.0 5.8 72.3
S1349 23 5.7 0.9 1.2 No 89.2 5.8 100.0
S1350 20 1.8 3.1 3.1 No 72.8 5.3 54.0
S1351 17 3.2 3.2 0.8 No 98.6 7.3 70.4
S1352 17 2.4 3.2 3.7 No 78.9 8.2 47.0
S1353 24 0.7 2.2 0.0 No 94.1 6.1 48.7
S1354 24 3.4 2.3 2.3 No 100.0 6.2 47.6
S1355 23 3.3 2.9 2.3 Yes 89.6 8.3 81.1
S1356 18 5.8 2.6 0.9 Yes 70.0 7.1 100.0
S1357 24 4.4 0.0 2.3 No 75.8 7.0 81.9
S1358 17 2.0 2.2 3.2 No 98.2 5.1 56.3
S1359 19 6.3 1.5 0.0 No 83.3 7.3 100.0
S1360 20 5.3 2.7 2.4 Yes 85.8 5.4 81.0
S1361 17 4.4 6.1 0.0 No 92.6 5.1 84.9
S1362 17 3.2 2.9 0.7 No 92.0 6.1 67.9
S1363 18 2.1 2.1 3.6 No 87.8 5.8 56.9
S1364 23 2.9 3.6 1.2 No 82.9 6.2 45.9
S1365 23 5.1 3.1 0.5 Yes 81.9 4.8 76.0
S1366 22 6.3 3.0 1.6 No 93.6 7.7 94.8
S1367 18 5.8 3.2 4.1 No 90.5 7.9 99.3
S1368 19 2.8 5.0 0.0 Yes 82.4 4.2 71.0
S1369 23 1.8 1.1 0.6 Yes 95.8 7.7 70.9
S1370 20 3.7 3.1 3.4 Yes 83.7 5.5 59.8
S1371 24 0.8 1.4 3.8 Yes 76.5 7.5 36.0
S1372 18 4.0 3.2 1.7 No 77.4 6.4 68.4
S1373 24 3.3 1.4 0.4 No 75.2 6.5 72.9
S1374 17 2.8 2.0 4.1 Yes 82.3 6.3 57.3
S1375 20 1.1 2.1 3.6 Yes 97.3 8.0 50.3
S1376 20 4.3 3.7 2.5 No 76.9 5.0 65.7
S1377 17 2.7 3.6 0.9 No 86.9 7.2 67.9
S1378 18 1.7 1.0 1.7 No 78.4 7.8 63.6
S1379 17 0.0 2.6 1.6 No 82.4 7.4 32.9
S1380 24 3.5 1.6 2.2 No 69.9 9.3 67.7
S1381 22 6.2 1.0 3.4 No 82.8 5.9 100.0
S1382 20 6.0 2.2 2.8 Yes 83.1 7.6 96.8
S1383 21 2.8 2.1 0.6 No 90.4 6.4 71.0
S1384 21 2.6 5.4 3.3 No 87.2 8.0 59.8
S1385 24 4.2 3.0 2.1 No 73.0 6.5 64.2
S1386 19 2.0 0.8 2.6 No 95.8 6.0 45.2
S1387 23 4.0 1.8 3.4 No 87.1 8.1 82.9
S1388 17 4.6 3.7 0.6 No 87.0 5.9 73.2
S1389 17 5.3 5.0 1.8 No 84.9 4.8 79.6
S1390 19 3.3 0.6 1.2 Yes 79.8 5.9 73.0
S1391 19 3.2 0.2 0.1 Yes 87.2 7.2 72.6
S1392 24 2.2 4.7 2.2 No 89.8 8.2 45.2
S1393 24 2.3 3.0 4.6 No 67.5 6.6 51.8
S1394 19 3.2 1.5 0.0 No 79.6 8.1 92.0
S1395 20 4.1 3.1 1.8 No 82.5 4.9 77.8
S1396 24 4.9 0.0 2.5 Yes 87.6 6.0 97.2
S1397 22 2.3 2.5 1.9 Yes 96.9 6.2 71.9
S1398 24 5.7 2.9 1.7 No 77.3 6.4 69.1
S1399 17 3.1 3.6 0.4 No 80.0 6.6 59.6
S1400 24 3.5 1.3 2.1 No 79.9 7.3 60.4
S1401 20 2.4 2.6 1.0 No 77.0 6.0 48.3
S1402 19 0.0 1.4 0.0 No 81.5 6.7 50.1
S1403 17 4.8 2.8 3.1 No 92.7 6.4 74.9
S1404 24 4.6 1.4 2.9 Yes 74.5 5.4 85.6
S1405 20 3.1 2.0 1.9 No 89.3 6.4 65.4
S1406 22 3.6 1.3 2.1 No 68.0 6.3 82.4
S1407 24 4.3 3.3 3.0 No 79.4 6.3 67.3
S1408 20 1.2 3.5 2.0 No 81.7 6.5 34.3
S1409 22 2.7 2.2 2.8 No 100.0 6.6 53.0
S1410 19 4.7 2.5 1.5 No 82.3 6.0 78.0
S1411 24 1.6 0.8 3.2 Yes 63.0 8.0 58.2
S1412 22 3.9 2.1 2.2 No 65.0 5.1 73.7
S1413 17 1.5 2.4 2.0 Yes 85.3 5.6 60.3
S1414 19 4.2 5.6 0.4 No 91.1 9.8 78.7
S1415 17 3.4 1.2 2.1 Yes 88.8 5.3 68.3
S1416 21 1.1 4.3 0.9 No 86.7 4.9 49.9
S1417 18 5.2 3.7 1.1 No 96.6 7.4 100.0
S1418 24 2.4 2.8 0.9 No 79.6 4.0 54.7
S1419 22 2.3 4.6 0.6 No 93.9 6.2 58.7
S1420 18 3.8 2.9 4.1 Yes 68.7 9.1 70.8
S1421 18 5.2 3.0 3.3 No 76.0 4.6 87.1
S1422 22 2.0 2.4 3.9 No 66.9 4.1 29.5
S1423 19 3.6 4.0 0.5 No 82.3 4.7 53.2
S1424 24 4.1 3.8 1.9 Yes 84.5 7.6 73.0
S1425 21 4.5 1.7 0.4 No 86.1 7.8 71.1
S1426 17 3.8 0.9 1.0 No 85.6 5.9 80.9
S1427 20 2.9 2.3 0.8 Yes 75.7 7.3 75.1
S1428 17 2.3 1.5 3.2 No 83.1 8.2 52.4
S1429 20 3.6 2.4 1.4 No 70.0 8.6 67.6
S1430 17 1.9 4.0 3.0 No 98.6 6.2 35.7
S1431 22 0.0 2.0 2.5 No 82.0 3.7 29.9
S1432 21 4.2 2.4 4.3 No 80.1 5.5 70.7
S1433 24 4.9 2.6 0.2 No 100.0 6.0 89.3
S1434 20 0.0 3.5 3.2 No 72.6 6.2 26.2
S1435 24 2.0 0.0 3.1 No 73.7 6.3 58.3
S1436 24 4.4 1.8 0.7 No 74.0 7.8 78.4
S1437 24 6.6 2.8 2.9 No 84.3 8.0 100.0
S1438 23 3.5 3.9 2.2 No 89.3 6.3 66.8
S1439 19 2.4 1.9 1.5 No 92.4 7.8 63.8
S1440 17 3.2 0.2 0.9 No 100.0 6.9 76.1
S1441 24 5.6 3.2 1.0 No 62.5 6.6 82.7
S1442 17 2.5 1.7 4.1 No 91.1 7.6 65.0
S1443 24 2.3 1.1 1.8 Yes 79.4 6.6 66.8
S1444 20 2.8 1.8 2.7 No 79.1 9.0 64.9
S1445 19 2.1 2.3 0.9 No 78.8 4.8 63.1
S1446 19 3.7 1.8 0.9 Yes 75.9 5.9 56.3
S1447 22 5.9 0.0 3.0 No 100.0 6.3 93.6
S1448 23 4.0 3.6 0.3 No 93.4 7.0 91.9
S1449 22 3.1 4.0 1.3 No 85.2 8.0 74.0
S1450 22 3.1 3.3 1.8 No 98.5 6.5 62.7
S1451 22 1.2 1.1 1.9 No 69.9 4.8 58.6
S1452 22 4.8 2.3 1.6 Yes 71.7 7.5 89.3
S1453 22 3.4 2.5 2.2 No 63.2 7.4 63.4
S1454 21 3.2 3.2 2.6 Yes 78.0 4.2 46.7
S1455 19 8.3 3.3 2.6 Yes 86.6 6.5 100.0
S1456 22 3.9 1.6 0.7 Yes 86.0 4.6 68.7
S1457 24 2.4 2.6 1.5 No 86.5 5.7 58.9
S1458 19 2.9 3.0 3.1 No 70.9 5.4 59.0
S1459 19 5.2 4.2 2.8 Yes 93.0 7.5 77.9
S1460 18 3.7 3.3 0.3 Yes 87.4 6.6 72.3
S1461 21 1.3 3.4 2.2 No 92.3 5.0 49.7
S1462 22 4.9 2.6 0.0 Yes 66.1 7.6 80.9
S1463 17 2.5 4.2 1.9 Yes 88.1 4.8 44.5
S1464 20 6.3 3.0 3.9 Yes 73.1 6.9 85.3
S1465 23 5.1 1.5 0.8 No 81.0 5.5 83.2
S1466 24 2.8 4.2 0.9 No 90.3 6.1 59.7
S1467 17 5.4 3.3 2.6 No 85.9 7.1 98.1
S1468 21 3.6 2.0 0.1 No 76.5 7.1 66.8
S1469 20 4.8 1.9 1.1 No 85.1 8.1 96.1
S1470 21 4.2 2.9 2.5 No 69.7 6.4 60.4
S1471 24 2.2 3.1 1.1 No 96.5 6.9 33.8
S1472 19 2.5 2.7 1.5 No 82.9 6.0 56.1
S1473 20 5.0 2.9 2.6 No 96.2 6.7 80.6
S1474 19 3.0 4.5 2.3 Yes 79.7 7.0 52.6
S1475 24 2.9 3.8 2.1 No 79.8 6.4 52.1
S1476 17 2.1 2.7 1.4 No 77.4 4.3 39.9
S1477 24 4.1 3.6 2.2 No 93.8 6.9 84.0
S1478 17 6.6 1.3 1.7 No 77.9 6.9 97.7
S1479 20 1.9 3.0 2.3 No 91.4 5.7 43.3
S1480 20 3.5 4.7 1.3 Yes 81.2 5.0 55.9
S1481 22 5.6 2.2 1.6 No 65.2 8.3 84.6
S1482 21 3.4 1.5 0.7 No 79.3 7.1 67.0
S1483 22 4.2 1.7 1.8 No 73.2 6.2 76.0
S1484 21 1.9 1.2 0.9 No 85.3 5.1 56.9
S1485 22 4.1 1.6 0.6 No 73.1 5.5 77.5
S1486 19 3.2 2.1 2.1 No 94.3 8.1 69.4
S1487 20 5.0 0.8 2.0 No 84.1 6.7 94.6
S1488 17 5.3 2.5 2.7 Yes 83.2 5.8 93.4
S1489 21 7.4 3.6 1.3 No 91.6 7.1 100.0
S1490 24 4.4 1.4 2.2 No 94.6 5.5 63.6
S1491 21 4.0 4.3 2.4 No 84.8 8.3 53.0
S1492 17 3.8 3.1 2.3 No 77.3 8.1 67.8
S1493 22 3.0 3.7 0.9 No 67.3 5.9 73.9
S1494 21 4.0 1.7 2.0 No 78.1 5.7 66.5
S1495 23 3.1 3.5 2.2 No 78.8 3.4 49.9
S1496 19 3.8 1.2 1.8 No 86.1 4.7 73.9
S1497 20 5.5 3.6 0.0 No 81.5 4.9 80.3
S1498 17 2.0 2.7 2.0 No 91.9 6.7 71.7
S1499 20 5.2 3.2 4.2 Yes 78.9 6.1 83.3
S1500 23 5.5 1.1 1.4 No 84.4 4.9 84.5
S1501 21 3.3 1.4 1.0 No 96.8 6.2 74.9
S1502 21 0.3 3.2 2.2 No 88.4 7.1 34.0
S1503 24 2.6 1.4 2.1 Yes 84.4 7.1 63.0
S1504 23 5.4 3.1 3.1 No 79.0 4.2 77.9
S1505 17 3.5 0.9 0.4 No 78.7 6.3 72.9
S1506 24 2.0 3.5 2.6 No 76.5 4.8 53.2
S1507 19 2.7 1.0 2.4 No 79.6 7.6 57.3
S1508 24 4.8 3.2 1.6 No 92.6 7.4 76.6
S1509 18 4.3 3.3 2.2 No 82.8 5.4 64.6
S1510 17 3.1 1.7 2.9 Yes 71.5 5.6 51.1
S1511 18 2.9 3.2 2.8 No 100.0 5.9 63.0
S1512 23 2.9 2.8 0.5 No 88.2 3.8 61.6
S1513 22 2.1 1.9 2.7 Yes 70.9 6.9 62.5
S1514 18 5.9 1.3 1.7 No 80.6 6.2 87.1
S1515 19 3.0 0.1 1.9 No 86.1 7.7 82.5
S1516 24 5.3 2.9 1.9 No 100.0 5.2 80.9
S1517 22 5.8 0.6 1.6 No 73.9 5.8 100.0
S1518 24 5.0 2.6 3.1 No 94.8 4.7 79.6
S1519 18 2.9 2.2 1.7 Yes 99.0 5.3 71.2
S1520 24 4.1 3.3 0.6 Yes 78.7 5.1 62.7
S1521 23 3.5 2.1 1.4 No 82.2 7.7 64.2
S1522 22 2.1 2.1 2.0 No 74.6 5.7 44.1
S1523 23 4.0 3.4 3.2 No 83.0 6.6 61.7
S1524 18 1.7 2.9 2.5 No 84.6 6.0 39.9
S1525 23 5.3 2.9 0.9 No 91.6 5.0 84.1
S1526 19 2.8 3.1 4.5 No 95.9 6.3 40.7
S1527 18 3.8 0.7 2.1 No 77.5 7.2 81.8
S1528 18 3.9 3.4 3.2 No 65.3 5.1 77.0
S1529 18 3.1 3.2 1.6 No 84.8 7.5 65.7
S1530 17 4.4 1.3 2.4 No 87.9 5.5 80.9
S1531 24 2.8 2.2 2.7 No 87.5 5.9 47.4
S1532 17 4.8 2.5 3.1 Yes 81.7 7.1 83.0
S1533 17 1.5 2.3 3.0 No 86.2 5.7 54.2
S1534 19 3.7 2.9 2.8 No 100.0 6.5 82.5
S1535 22 6.4 4.2 1.5 Yes 88.8 6.1 85.0
S1536 24 2.0 3.8 1.2 No 81.3 6.7 40.4
S1537 23 2.5 0.9 2.2 Yes 80.0 3.6 58.9
S1538 21 4.3 3.2 2.8 No 83.3 4.3 67.5
S1539 18 3.8 4.1 1.6 No 100.0 7.2 81.0
S1540 23 4.0 3.0 3.0 No 83.2 7.7 74.7
S1541 18 4.2 3.8 3.4 Yes 84.8 5.4 67.4
S1542 19 4.5 4.9 0.8 No 80.2 6.2 72.2
S1543 18 5.2 3.7 0.9 No 96.0 6.9 77.1
S1544 17 4.1 2.8 1.6 No 100.0 7.3 87.9
S1545 24 3.1 3.8 2.1 No 89.5 4.1 54.1
S1546 21 4.5 2.7 1.2 Yes 85.8 5.4 62.9
S1547 20 6.3 2.5 3.3 No 85.4 6.1 95.6
S1548 18 3.3 2.1 2.3 No 61.2 7.3 67.1
S1549 23 2.0 4.4 1.8 No 92.5 9.5 51.5
S1550 17 5.2 1.5 0.2 Yes 86.3 6.2 97.9
S1551 20 3.3 4.3 0.4 Yes 89.3 4.8 67.0
S1552 21 0.2 3.1 2.1 Yes 77.9 7.0 31.5
S1553 20 4.8 0.8 0.0 No 81.2 8.1 88.0
S1554 17 2.7 2.9 2.9 No 80.9 6.6 53.4
S1555 24 3.4 0.0 1.6 No 95.2 5.4 83.4
S1556 24 4.0 3.3 5.4 No 81.2 7.6 79.0
S1557 22 3.8 3.6 4.3 No 100.0 7.3 69.9
S1558 24 4.6 1.8 1.6 No 89.3 5.3 60.1
S1559 22 2.8 2.6 1.7 No 72.2 7.0 70.3
S1560 20 4.3 4.8 2.9 Yes 83.7 7.7 79.8
S1561 19 3.1 1.9 3.7 No 78.5 7.9 66.6
S1562 23 4.6 1.2 0.0 No 63.1 6.4 91.7
S1563 23 4.4 4.3 0.0 Yes 100.0 6.1 70.1
S1564 20 2.1 4.9 1.1 No 92.0 8.0 61.5
S1565 18 5.1 2.5 2.4 No 90.3 5.0 79.3
S1566 18 2.7 3.7 2.3 No 86.7 7.0 63.9
S1567 24 4.7 4.1 3.0 No 71.2 4.9 93.1
S1568 23 4.1 1.6 0.5 No 80.2 7.8 89.8
S1569 23 6.3 1.9 0.0 No 93.4 6.2 100.0
S1570 22 3.2 4.0 2.7 No 74.5 8.0 61.8
S1571 19 3.0 4.5 0.9 No 59.7 7.1 51.5
S1572 17 3.5 3.2 0.0 No 82.7 5.0 60.4
S1573 18 3.0 1.4 2.0 No 83.6 8.2 67.2
S1574 23 4.7 4.9 2.7 No 86.4 8.4 89.6
S1575 22 1.1 1.9 1.7 No 92.3 7.6 48.3
S1576 21 1.9 2.1 1.3 No 91.4 5.6 61.7
S1577 22 1.9 2.9 1.6 Yes 87.6 6.1 44.4
S1578 18 4.9 4.4 1.4 Yes 97.0 6.7 77.2
S1579 18 6.1 3.5 0.3 Yes 69.8 5.7 100.0
S1580 22 3.3 3.0 1.0 No 90.0 8.5 73.0
S1581 17 3.2 3.1 2.4 No 91.3 6.7 68.5
S1582 20 3.6 2.6 2.2 No 72.6 3.3 61.0
S1583 18 5.2 3.2 2.0 No 70.0 6.9 70.5
S1584 22 2.1 0.0 0.7 No 77.5 6.1 52.5
S1585 23 3.9 2.1 1.6 No 78.4 6.4 62.8
S1586 22 5.0 2.8 0.0 Yes 92.5 6.1 83.5
S1587 19 4.3 1.1 2.0 No 78.9 7.5 71.4
S1588 20 3.8 3.0 3.4 No 76.4 7.8 61.5
S1589 21 5.0 2.3 0.2 No 78.9 6.8 75.4
S1590 17 0.0 4.6 1.2 No 96.2 6.1 42.0
S1591 24 4.5 4.4 2.2 No 85.1 6.5 64.0
S1592 21 2.5 1.9 3.2 Yes 83.2 6.5 60.1
S1593 20 0.8 2.3 1.3 Yes 83.9 5.5 34.7
S1594 20 4.3 2.4 1.0 Yes 97.9 7.2 88.0
S1595 20 5.6 2.0 0.0 No 77.5 7.1 100.0
S1596 21 3.3 2.7 1.9 No 98.2 8.3 66.1
S1597 23 4.9 1.6 4.0 No 87.1 8.0 95.5
S1598 20 5.9 1.1 2.1 Yes 83.4 5.7 86.4
S1599 22 5.5 3.2 1.8 No 100.0 7.5 77.3
S1600 21 6.0 3.3 2.2 No 74.4 5.4 90.2
S1601 24 4.6 1.5 1.8 No 81.5 7.3 80.2
S1602 20 3.6 3.6 0.9 No 72.7 5.9 72.9
S1603 22 1.1 1.7 2.7 No 94.5 5.3 35.8
S1604 23 3.1 2.8 2.0 No 100.0 6.8 72.8
S1605 19 2.2 3.5 1.8 No 100.0 3.3 67.6
S1606 23 6.8 2.5 0.7 No 97.2 4.4 93.1
S1607 24 3.2 3.0 3.2 No 83.0 6.3 57.5
S1608 20 3.7 1.9 2.5 No 81.3 6.6 61.1
S1609 24 4.3 2.3 1.2 No 68.3 6.1 77.4
S1610 21 3.6 2.3 2.9 No 100.0 4.6 69.6
S1611 18 6.0 1.6 1.3 No 89.7 5.5 100.0
S1612 20 2.6 2.3 0.9 No 80.1 7.0 69.3
S1613 18 3.8 0.6 1.0 No 98.3 7.2 85.7
S1614 22 2.4 1.9 0.0 No 75.3 6.5 53.9
S1615 19 1.5 2.2 2.3 No 89.1 7.9 43.7
S1616 17 2.6 2.2 0.0 No 83.3 7.0 79.3
S1617 24 3.4 2.2 0.4 No 91.4 5.6 71.3
S1618 23 2.9 2.4 0.0 No 84.4 6.2 61.4
S1619 19 2.5 3.1 1.7 No 70.5 4.8 45.1
S1620 20 1.4 3.5 1.6 No 85.8 6.4 39.8
S1621 18 3.4 1.7 1.4 No 95.5 7.8 70.7
S1622 23 1.2 1.1 0.7 No 84.7 7.3 35.6
S1623 18 4.6 1.2 0.5 No 92.8 8.2 93.0
S1624 21 3.6 1.9 2.3 No 74.5 6.1 83.2
S1625 18 1.3 2.1 1.2 No 84.7 8.1 46.6
S1626 21 3.0 1.6 2.1 No 78.8 6.3 70.8
S1627 22 2.4 0.9 0.8 No 92.5 8.3 78.3
S1628 23 4.0 2.0 2.0 No 85.3 6.5 70.7
S1629 23 5.5 2.7 3.2 Yes 91.9 7.3 82.6
S1630 17 0.7 3.2 2.4 No 95.9 8.3 50.3
S1631 20 3.7 1.8 1.3 No 91.9 6.3 80.9
S1632 21 3.3 2.0 2.1 No 87.7 6.8 75.4
S1633 17 4.5 1.4 1.5 No 75.0 8.0 83.7
S1634 18 3.8 2.5 1.8 No 85.0 6.3 76.8
S1635 18 2.4 1.5 1.4 No 79.7 4.9 45.8
S1636 17 3.0 3.2 1.6 No 81.6 9.1 58.4
S1637 23 2.3 0.4 2.0 No 81.3 5.9 70.3
S1638 18 5.1 2.1 0.7 Yes 75.2 6.7 99.4
S1639 24 3.5 2.9 0.7 No 65.4 7.9 62.9
S1640 22 6.4 2.7 0.3 Yes 78.3 5.8 98.0
S1641 22 3.4 5.7 0.0 No 86.9 5.3 74.7
S1642 24 2.4 2.9 0.5 No 71.5 6.8 50.4
S1643 17 1.2 1.3 2.0 No 85.2 4.3 49.4
S1644 24 0.8 2.4 0.8 No 100.0 6.2 35.3
S1645 21 1.1 0.4 2.4 Yes 95.2 6.8 46.3
S1646 21 3.9 2.4 1.8 No 100.0 6.2 68.4
S1647 17 4.3 1.5 0.0 No 88.9 4.6 84.2
S1648 24 1.1 3.6 2.5 No 96.7 8.4 54.6
S1649 21 4.8 1.8 2.7 No 77.8 6.6 88.0
S1650 23 2.8 2.4 0.7 No 78.6 8.2 61.5
S1651 24 3.7 1.7 2.3 Yes 57.6 6.2 75.7
S1652 23 5.9 4.6 0.9 No 96.9 5.4 100.0
S1653 21 4.8 2.1 1.9 No 100.0 6.8 82.6
S1654 22 3.1 4.7 0.4 No 79.5 6.2 71.5
S1655 21 2.2 3.5 0.0 No 82.5 5.1 57.6
S1656 23 0.3 3.1 1.4 Yes 77.5 8.3 36.1
S1657 19 2.4 2.9 1.7 No 88.8 5.8 67.4
S1658 20 3.2 3.0 1.4 Yes 96.2 4.3 74.8
S1659 18 2.0 0.2 0.5 No 67.6 8.1 73.6
S1660 24 3.3 2.2 1.4 No 89.1 5.9 79.5
S1661 19 3.6 3.5 2.1 No 82.2 5.8 62.5
S1662 21 3.2 2.4 1.8 No 86.1 4.4 76.3
S1663 22 2.5 0.8 2.0 No 89.6 8.6 75.6
S1664 17 3.8 2.4 1.1 No 83.1 5.0 64.4
S1665 21 4.2 4.5 3.1 No 84.0 6.6 75.3
S1666 22 1.9 4.0 0.5 Yes 82.9 7.6 50.4
S1667 20 5.6 2.4 2.3 No 94.7 7.0 100.0
S1668 21 3.4 3.6 3.1 No 89.2 6.4 76.4
S1669 23 3.5 2.1 2.3 No 87.2 4.5 69.9
S1670 17 4.6 0.5 1.6 No 72.3 5.5 88.9
S1671 22 3.8 1.4 1.2 No 81.2 6.7 70.4
S1672 22 4.9 4.4 2.9 No 94.0 5.6 69.4
S1673 22 3.9 2.2 0.2 No 85.4 6.7 84.9
S1674 20 2.6 2.2 0.7 No 91.6 7.3 63.6
S1675 21 4.0 2.1 1.4 No 100.0 7.7 82.2
S1676 20 1.8 4.8 3.2 No 95.4 5.0 37.4
S1677 24 3.7 4.5 2.2 No 85.9 9.1 73.8
S1678 18 3.5 5.2 0.7 Yes 79.9 7.4 53.4
S1679 18 3.2 2.3 1.5 No 59.5 6.5 64.2
S1680 24 3.3 2.9 1.1 No 83.3 7.8 70.4
S1681 21 0.7 0.7 1.0 No 81.7 9.3 51.5
S1682 23 2.7 4.3 2.9 No 88.9 4.8 53.4
S1683 20 3.6 1.1 0.3 Yes 83.5 6.2 77.2
S1684 17 3.7 2.8 3.6 No 81.8 3.6 59.8
S1685 22 2.0 1.2 2.7 No 67.2 6.7 55.4
S1686 22 5.4 1.8 3.0 Yes 75.6 6.9 69.9
S1687 21 2.2 1.5 1.3 Yes 89.8 6.5 71.6
S1688 23 5.0 1.8 1.6 No 100.0 5.7 92.9
S1689 18 4.1 1.9 0.2 No 84.0 4.0 72.4
S1690 18 2.5 1.8 1.2 Yes 88.3 6.9 70.5
S1691 22 6.2 3.5 2.3 No 94.5 8.2 100.0
S1692 21 1.7 1.2 3.2 No 76.9 5.8 37.4
S1693 20 4.9 2.8 0.6 No 88.7 7.0 88.7
S1694 18 5.0 4.0 1.4 No 77.6 4.6 88.6
S1695 20 2.5 1.9 1.6 No 93.6 7.0 68.5
S1696 23 5.6 1.6 0.3 No 86.5 6.0 100.0
S1697 18 3.1 2.2 2.5 No 88.0 5.6 66.9
S1698 18 3.9 3.9 1.0 No 77.2 5.6 71.5
S1699 19 3.9 2.7 1.6 No 92.1 6.0 77.8
S1700 18 3.3 1.9 1.3 No 100.0 7.0 67.7
S1701 24 4.7 3.1 0.9 No 74.9 4.9 96.4
S1702 17 4.7 1.2 1.8 No 81.6 6.0 83.1
S1703 24 0.9 3.3 1.6 Yes 87.3 6.5 37.9
S1704 21 5.5 3.0 1.4 No 92.9 5.2 76.3
S1705 21 1.0 2.1 1.0 No 79.4 8.7 52.6
S1706 20 5.0 1.5 2.2 No 56.7 5.5 83.6
S1707 24 5.2 1.4 3.6 No 98.6 5.7 92.0
S1708 24 1.9 3.1 2.0 No 92.6 5.3 53.2
S1709 24 2.9 4.0 2.9 No 67.6 8.7 56.4
S1710 23 1.8 1.7 0.3 No 78.9 7.2 58.1
S1711 18 3.2 3.1 2.0 No 100.0 5.4 70.9
S1712 17 3.0 0.0 0.6 Yes 99.5 7.8 98.7
S1713 20 4.7 1.8 0.2 Yes 94.4 6.7 83.3
S1714 24 5.5 2.5 1.0 No 83.2 6.8 80.6
S1715 24 5.6 1.4 3.1 No 85.8 6.1 91.3
S1716 19 2.7 1.4 2.8 No 83.7 5.6 63.5
S1717 20 3.2 1.7 2.1 Yes 96.3 6.9 66.3
S1718 24 1.0 2.9 0.1 No 76.2 5.8 49.9
S1719 20 2.3 2.3 1.6 Yes 76.9 8.7 68.9
S1720 18 4.9 0.0 2.1 Yes 95.1 5.0 94.2
S1721 19 5.9 0.0 2.0 Yes 84.6 8.3 100.0
S1722 20 1.6 1.8 0.0 No 98.8 6.4 58.6
S1723 17 2.6 3.0 0.8 No 78.3 6.9 53.2
S1724 17 3.5 0.0 1.7 No 84.5 7.5 70.5
S1725 21 3.9 1.9 2.4 No 75.8 5.7 64.0
S1726 19 2.3 1.9 0.0 Yes 85.1 7.5 77.4
S1727 19 4.1 4.2 1.6 No 70.2 3.3 57.4
S1728 21 2.8 2.0 2.0 No 80.1 5.6 59.9
S1729 20 3.5 3.0 2.7 No 70.6 5.4 66.7
S1730 19 4.3 2.7 2.6 Yes 91.9 5.0 58.4
S1731 17 3.5 0.0 2.4 No 92.2 6.2 63.6
S1732 17 2.8 3.4 0.9 No 67.7 7.0 62.6
S1733 24 3.3 2.8 0.0 No 98.3 7.3 70.6
S1734 18 3.4 3.1 1.4 No 100.0 6.8 75.2
S1735 19 2.9 7.2 2.9 Yes 85.5 5.7 50.1
S1736 20 3.1 0.0 3.3 No 78.6 6.9 72.8
S1737 21 5.9 4.6 2.6 Yes 100.0 6.6 72.7
S1738 21 4.3 2.2 2.3 No 71.8 7.6 76.0
S1739 20 3.1 2.8 2.2 No 85.2 7.4 74.1
S1740 23 4.5 2.4 1.2 Yes 86.8 6.5 79.0
S1741 22 3.0 2.0 1.7 No 98.5 5.4 51.3
S1742 18 5.3 1.8 3.6 No 88.6 5.7 71.0
S1743 21 4.1 2.9 0.8 Yes 80.0 5.8 76.4
S1744 19 3.3 0.7 3.6 No 75.5 6.1 52.6
S1745 18 4.2 3.4 1.4 No 81.6 6.8 74.0
S1746 19 1.1 2.0 3.3 No 74.9 7.4 42.6
S1747 23 1.8 1.1 0.3 No 85.5 6.4 49.8
S1748 17 1.7 2.0 2.4 No 79.4 6.5 45.7
S1749 18 3.7 4.0 1.0 No 70.1 6.7 77.2
S1750 24 6.1 1.9 0.2 No 97.6 5.9 98.5
S1751 21 6.8 2.9 2.0 No 80.0 5.4 96.2
S1752 18 4.5 1.6 2.9 Yes 72.3 4.4 71.3
S1753 18 4.3 3.4 0.9 No 83.3 5.7 59.2
S1754 18 0.8 3.3 0.2 No 85.7 7.1 51.8
S1755 22 2.7 4.7 1.7 Yes 67.5 5.7 59.3
S1756 18 2.3 2.3 1.7 No 88.3 6.2 58.5
S1757 19 2.6 3.3 2.4 No 74.5 7.1 44.5
S1758 17 3.2 2.6 2.8 No 100.0 7.1 75.4
S1759 23 2.8 4.1 1.7 Yes 90.2 5.2 54.9
S1760 20 0.5 1.6 3.8 Yes 81.0 7.7 30.2
S1761 18 4.6 3.4 2.0 No 77.5 7.9 71.8
S1762 21 1.9 2.3 1.4 No 84.0 5.1 51.8
S1763 18 3.9 2.4 0.0 Yes 91.1 5.5 59.5
S1764 21 6.6 2.6 1.5 No 84.7 7.9 96.6
S1765 19 2.1 2.8 1.4 Yes 82.8 6.3 44.1
S1766 21 0.0 2.4 2.9 No 85.6 3.8 30.5
S1767 24 3.1 2.8 2.3 No 79.0 4.8 63.7
S1768 20 5.2 4.4 0.5 No 81.6 6.2 74.0
S1769 17 6.4 3.7 2.0 No 64.1 5.1 98.8
S1770 21 1.7 3.5 2.5 No 94.7 6.0 53.0
S1771 21 4.2 2.0 3.5 No 88.0 6.5 84.6
S1772 17 2.8 1.4 2.8 No 77.3 8.3 73.0
S1773 20 3.3 3.6 2.6 No 100.0 6.2 57.1
S1774 18 7.5 3.6 1.9 Yes 85.9 7.8 100.0
S1775 21 1.2 4.3 2.2 No 74.6 8.2 36.2
S1776 17 3.9 1.8 3.2 No 93.6 8.2 65.6
S1777 24 4.2 2.2 0.3 Yes 89.0 6.8 87.5
S1778 24 5.1 0.5 1.4 No 88.9 4.1 100.0
S1779 19 3.6 2.0 1.0 Yes 80.7 7.1 85.6
S1780 17 4.0 3.7 2.2 No 89.5 7.8 89.4
S1781 19 2.9 1.9 3.2 No 82.4 6.4 66.9
S1782 24 3.9 3.3 1.1 Yes 90.6 8.6 56.0
S1783 20 3.0 2.3 0.0 No 66.0 7.5 77.9
S1784 18 4.4 2.9 1.3 No 80.7 7.2 91.3
S1785 17 2.9 1.1 2.8 No 100.0 7.8 68.4
S1786 23 4.1 2.6 2.4 No 77.3 6.9 85.3
S1787 24 3.5 0.0 2.3 No 79.0 3.5 64.4
S1788 24 5.2 2.3 1.5 No 80.5 5.9 82.8
S1789 23 3.4 0.5 0.4 No 72.9 7.9 78.0
S1790 22 0.8 3.9 2.4 No 62.9 5.5 31.5
S1791 24 5.4 3.4 0.9 No 82.7 6.2 92.3
S1792 21 2.1 3.1 4.2 No 86.4 5.2 50.1
S1793 20 2.5 4.3 2.4 No 84.5 8.6 49.4
S1794 17 2.6 1.4 1.2 No 83.6 8.5 80.3
S1795 23 5.6 4.6 1.1 No 85.4 5.4 89.7
S1796 21 0.3 3.6 1.7 No 95.2 6.7 33.6
S1797 23 8.2 2.2 1.5 No 83.1 5.7 100.0
S1798 17 5.1 3.9 3.0 No 79.3 7.2 90.6
S1799 19 3.8 1.2 2.0 No 82.2 7.1 66.3
S1800 17 3.4 1.5 1.0 No 90.8 7.5 86.1
S1801 22 3.9 1.8 3.9 No 99.1 6.9 65.5
S1802 17 4.3 1.9 1.9 No 78.7 10.0 82.9
S1803 17 4.5 1.2 2.6 No 86.0 5.3 76.3
S1804 22 4.3 4.0 1.1 Yes 88.4 4.4 59.0
S1805 20 3.6 2.2 2.2 No 75.1 6.0 76.1
S1806 24 3.2 2.9 2.1 No 85.2 4.6 40.3
S1807 17 3.3 1.8 0.0 No 70.3 4.7 65.2
S1808 22 3.2 0.3 4.0 Yes 67.3 5.3 43.9
S1809 21 5.2 2.8 3.2 No 88.7 5.4 89.5
S1810 19 4.4 0.2 1.4 No 81.2 5.4 80.7
S1811 19 0.0 2.4 0.6 Yes 87.0 7.1 53.0
S1812 17 4.5 0.9 2.2 No 84.8 5.9 70.6
S1813 20 3.8 4.9 1.9 No 75.2 6.3 65.5
S1814 20 3.5 3.6 2.2 No 84.5 7.6 75.1
S1815 21 2.9 2.6 2.0 No 72.7 5.6 43.5
S1816 17 5.2 4.0 2.4 No 98.9 6.2 80.6
S1817 19 4.9 1.5 3.4 No 71.4 6.9 88.2
S1818 20 2.3 3.2 2.4 No 83.0 4.2 48.5
S1819 17 4.1 2.7 0.6 No 74.6 3.6 67.3
S1820 23 2.0 2.8 3.3 No 90.7 6.9 50.7
S1821 20 1.4 4.0 3.6 No 81.7 7.1 35.4
S1822 22 2.6 3.4 5.3 No 79.8 9.0 49.1
S1823 23 4.8 2.8 0.6 No 93.5 6.7 85.4
S1824 24 4.9 0.5 2.1 No 85.3 7.5 83.9
S1825 20 4.3 1.3 0.0 Yes 90.2 6.3 90.4
S1826 19 4.6 2.4 2.4 No 75.2 6.9 87.8
S1827 18 4.3 2.6 1.2 No 71.0 8.5 87.5
S1828 23 2.5 1.1 3.9 No 86.1 4.0 58.2
S1829 24 4.1 5.4 0.9 No 81.8 7.0 73.2
S1830 21 4.7 4.3 0.0 No 91.3 9.1 83.5
S1831 21 4.6 3.2 1.3 No 84.2 6.8 77.6
S1832 19 5.3 2.6 0.0 Yes 87.1 8.5 98.4
S1833 20 4.6 2.2 2.6 No 68.8 5.7 78.5
S1834 17 4.0 1.4 0.0 Yes 100.0 6.5 81.1
S1835 20 5.1 2.6 1.8 No 83.4 6.5 100.0
S1836 19 3.5 2.8 0.0 No 92.0 3.8 58.7
S1837 21 2.2 1.0 1.4 No 76.6 5.1 62.6
S1838 20 3.3 2.9 3.6 No 88.1 5.2 60.3
S1839 21 2.4 2.3 2.2 No 72.0 7.5 63.9
S1840 23 2.5 0.2 0.9 Yes 89.5 7.5 80.0
S1841 24 3.3 1.5 1.8 Yes 81.4 6.9 62.6
S1842 17 2.3 2.0 1.8 No 85.3 7.5 71.4
S1843 23 3.0 4.8 2.3 Yes 92.0 6.3 60.6
S1844 21 0.7 3.2 0.3 Yes 72.7 7.9 47.2
S1845 21 3.8 0.9 2.5 No 78.2 6.5 78.1
S1846 18 3.5 3.1 0.0 No 89.6 6.6 75.5
S1847 18 2.3 0.6 1.1 No 100.0 6.2 73.5
S1848 23 4.5 3.8 1.3 No 83.6 7.3 74.6
S1849 22 4.9 1.9 2.5 No 90.9 6.0 98.7
S1850 23 1.1 2.4 1.8 No 83.9 7.7 49.2
S1851 18 2.4 4.1 0.3 No 100.0 5.1 67.4
S1852 21 2.3 1.0 0.7 No 67.5 5.2 72.5
S1853 19 2.1 0.8 2.0 No 85.9 7.3 68.4
S1854 23 4.7 1.8 1.7 No 68.7 6.4 70.0
S1855 21 3.2 3.7 1.2 No 59.9 6.0 56.1
S1856 19 3.1 0.7 1.3 Yes 88.0 7.6 81.5
S1857 19 0.5 0.0 2.6 Yes 86.4 5.8 45.0
S1858 18 4.5 2.0 1.2 Yes 82.2 6.3 84.4
S1859 23 1.6 3.2 1.7 No 83.9 8.2 36.8
S1860 20 3.6 3.9 4.2 No 100.0 8.3 65.6
S1861 17 3.9 1.9 0.2 No 82.4 8.4 93.5
S1862 18 5.5 2.0 0.0 No 90.1 6.2 93.7
S1863 18 1.5 3.9 2.7 No 78.5 8.0 42.3
S1864 20 0.0 0.3 1.1 Yes 88.0 5.4 53.3
S1865 17 3.8 2.0 1.4 No 82.6 5.4 65.9
S1866 21 6.2 2.7 0.9 No 80.9 3.7 87.9
S1867 22 5.4 3.0 1.5 No 100.0 8.5 94.5
S1868 23 3.8 1.9 3.6 No 96.8 5.5 77.8
S1869 22 2.8 2.5 2.7 Yes 86.4 6.3 74.6
S1870 21 4.7 0.0 2.7 Yes 62.0 5.4 67.5
S1871 24 2.0 1.7 0.2 Yes 81.4 7.3 66.5
S1872 18 4.2 3.0 0.5 No 100.0 6.0 78.4
S1873 17 4.3 1.3 0.0 No 82.7 4.9 84.9
S1874 18 5.1 2.6 0.9 No 96.0 7.0 96.6
S1875 19 7.6 3.0 2.9 No 99.4 4.8 100.0
S1876 18 4.1 2.1 2.4 No 87.2 5.5 83.1
S1877 18 2.7 2.7 1.6 No 76.6 4.0 36.9
S1878 21 3.5 1.3 1.8 Yes 60.6 4.8 60.0
S1879 21 0.8 2.3 1.0 No 91.8 6.7 44.3
S1880 21 2.5 3.2 2.0 No 76.9 4.1 41.6
S1881 22 2.9 2.7 2.6 Yes 86.8 4.7 45.5
S1882 19 2.7 1.8 0.0 No 72.5 6.5 68.2
S1883 24 3.7 2.8 2.1 No 82.3 5.8 75.5
S1884 24 2.3 3.4 2.8 No 85.3 8.9 40.9
S1885 21 5.2 0.0 1.3 No 87.7 8.7 100.0
S1886 17 3.5 3.9 2.6 No 73.9 5.5 65.6
S1887 22 3.5 2.1 4.9 No 97.0 7.2 75.9
S1888 20 3.0 3.0 1.7 Yes 79.0 7.4 69.8
S1889 17 3.7 3.9 2.2 Yes 68.3 5.8 66.6
S1890 23 4.7 0.9 1.0 Yes 83.9 4.7 84.5
S1891 23 2.2 1.6 2.0 Yes 85.3 6.5 65.6
S1892 17 2.5 2.2 2.3 No 86.6 6.3 46.8
S1893 21 3.0 1.6 2.0 No 98.6 6.0 67.7
S1894 20 1.5 4.6 0.7 Yes 82.6 7.0 45.4
S1895 20 2.3 1.5 2.0 No 83.8 5.6 57.0
S1896 22 2.8 1.8 3.4 Yes 74.0 5.1 58.4
S1897 20 4.8 2.7 2.3 No 93.2 6.6 70.8
S1898 23 3.9 1.1 2.9 No 86.8 7.0 75.7
S1899 19 3.8 2.0 1.5 No 80.8 5.1 55.7
S1900 21 4.8 2.9 2.6 No 66.0 7.6 82.1
S1901 20 3.3 2.1 2.1 No 99.4 4.4 71.4
S1902 22 4.1 2.4 0.8 No 72.7 5.8 66.7
S1903 23 3.3 1.9 2.2 No 79.1 6.2 70.9
S1904 19 3.9 0.7 0.7 Yes 88.6 5.7 73.0
S1905 18 2.6 2.9 1.1 Yes 73.0 5.8 53.9
S1906 18 0.0 4.6 2.0 Yes 70.1 8.7 43.4
S1907 19 3.3 2.5 2.1 No 63.8 5.5 55.4
S1908 23 5.6 2.8 0.5 Yes 92.2 9.4 100.0
S1909 22 4.9 3.3 3.0 No 79.5 7.0 71.8
S1910 19 4.9 1.0 2.4 No 100.0 6.6 89.2
S1911 21 5.4 4.5 1.0 No 75.1 7.1 83.9
S1912 21 3.6 2.7 0.1 No 75.8 9.5 89.1
S1913 18 3.8 4.5 1.6 Yes 79.3 5.3 53.5
S1914 20 2.6 1.6 1.3 Yes 87.4 5.2 72.9
S1915 22 3.0 4.7 1.9 No 80.3 5.6 61.0
S1916 18 4.4 3.4 1.4 No 91.1 6.5 69.1
S1917 20 5.3 3.2 0.0 No 75.2 4.4 77.2
S1918 20 3.3 2.8 1.4 Yes 71.2 6.5 71.9
S1919 24 2.8 2.2 1.5 No 67.0 8.5 74.7
S1920 21 3.5 3.9 2.5 Yes 62.8 6.7 74.5
S1921 23 4.4 2.7 1.0 No 79.8 6.1 85.4
S1922 17 1.3 0.1 3.6 No 82.0 5.8 44.3
S1923 23 0.1 1.2 0.0 No 78.7 7.6 53.4
S1924 17 2.7 2.3 3.2 Yes 97.4 5.5 57.4
S1925 19 1.7 2.9 1.6 Yes 97.3 8.7 53.6
S1926 21 2.7 2.4 2.7 No 81.7 8.8 58.8
S1927 20 3.3 4.0 1.9 No 67.1 6.8 43.5
S1928 22 2.8 0.2 3.1 No 79.3 6.5 65.6
S1929 17 5.7 2.7 1.4 No 79.0 7.7 89.8
S1930 23 4.0 0.3 0.6 No 78.4 7.8 89.5
S1931 20 4.0 3.4 3.4 Yes 78.0 5.5 68.8
S1932 17 4.4 2.4 1.7 No 78.5 5.9 76.8
S1933 17 1.8 3.0 2.0 No 81.1 4.9 47.5
S1934 24 5.1 1.5 3.2 No 78.6 7.0 89.3
S1935 17 3.4 4.0 0.7 Yes 87.1 7.3 62.0
S1936 22 4.5 3.8 2.5 No 88.6 4.9 66.1
S1937 21 1.9 3.2 1.2 No 75.9 6.0 41.7
S1938 22 1.2 2.3 1.7 No 97.7 4.9 28.0
S1939 18 4.7 3.2 1.9 No 75.2 5.4 71.0
S1940 20 4.1 1.7 0.1 Yes 68.8 7.2 67.5
S1941 21 2.1 3.5 0.9 No 88.8 5.6 63.4
S1942 24 2.2 4.5 3.3 No 76.8 6.1 50.2
S1943 21 5.2 3.8 2.8 No 88.2 4.5 72.0
S1944 21 1.7 1.6 1.7 No 61.0 6.7 67.9
S1945 23 6.0 2.9 2.1 Yes 98.9 6.4 100.0
S1946 21 2.1 0.9 1.5 No 91.7 5.6 55.0
S1947 24 4.5 3.2 3.3 Yes 70.0 6.3 59.9
S1948 22 3.0 3.0 1.6 No 70.2 6.7 63.2
S1949 21 4.4 0.3 2.1 No 100.0 5.5 84.5
S1950 19 2.7 1.1 3.1 No 77.6 4.7 50.8
S1951 20 3.3 2.2 0.9 No 76.7 8.7 94.0
S1952 21 3.6 2.1 3.5 Yes 62.3 5.7 65.6
S1953 20 2.0 1.0 0.1 No 81.5 6.4 61.7
S1954 19 4.6 3.0 3.6 No 82.7 7.7 66.0
S1955 19 2.7 2.8 1.4 Yes 92.2 10.0 86.9
S1956 20 3.2 2.3 1.5 No 71.0 5.0 59.6
S1957 17 2.0 1.6 0.0 No 69.8 7.0 49.1
S1958 18 0.0 3.8 1.3 Yes 89.5 5.7 31.1
S1959 23 3.2 4.5 0.7 No 95.1 5.9 45.7
S1960 17 7.1 1.9 1.1 Yes 69.3 5.6 100.0
S1961 17 4.7 1.8 1.6 No 95.8 5.1 81.1
S1962 22 3.5 3.1 2.9 Yes 85.4 6.5 55.1
S1963 23 3.1 2.1 2.0 No 95.9 4.7 53.3
S1964 23 3.5 2.3 2.1 No 84.3 7.6 89.1
S1965 17 4.3 3.4 0.6 No 59.8 6.6 77.3
S1966 21 1.7 0.2 0.8 No 83.5 7.0 56.4
S1967 22 5.2 4.1 3.8 No 95.6 5.9 76.1
S1968 22 4.6 2.6 1.0 No 76.1 6.1 74.6
S1969 19 4.6 2.0 3.6 Yes 81.1 6.8 83.0
S1970 24 4.2 2.4 1.5 No 83.2 5.1 85.9
S1971 23 3.5 2.5 1.8 No 56.0 6.1 64.5
S1972 17 4.5 0.4 3.0 No 100.0 5.5 91.9
S1973 19 4.4 4.3 3.2 No 76.0 5.4 74.6
S1974 20 3.0 2.5 1.7 No 90.1 4.0 70.9
S1975 18 2.6 3.0 1.4 No 84.1 8.1 66.7
S1976 24 3.7 3.6 1.7 No 97.6 5.7 77.4
S1977 24 5.8 1.3 2.2 Yes 89.1 7.9 99.0
S1978 24 1.6 3.1 2.8 No 82.7 7.8 43.5
S1979 22 1.3 2.2 1.8 No 76.1 5.0 53.4
S1980 20 3.7 3.5 2.5 No 93.0 5.2 81.0
S1981 24 3.6 0.0 3.6 No 66.3 9.6 66.2
S1982 20 3.8 2.4 2.2 Yes 91.5 8.6 88.0
S1983 21 3.9 1.8 2.1 No 74.0 6.5 64.4
S1984 24 3.2 3.0 0.1 No 97.5 6.8 82.4
S1985 18 5.7 3.1 0.0 Yes 86.6 5.7 80.9
S1986 20 1.1 1.7 2.2 No 91.4 7.0 59.6
S1987 20 2.3 1.6 1.7 Yes 85.8 5.6 56.2
S1988 18 3.3 2.4 1.2 No 67.5 4.1 72.5
S1989 24 1.0 1.4 2.1 Yes 76.4 4.9 47.6
S1990 18 3.2 3.5 1.7 No 91.7 6.5 63.6
S1991 20 6.0 2.1 3.0 No 86.7 5.1 85.3
S1992 18 3.5 0.0 1.9 No 96.8 6.4 71.8
S1993 20 3.8 2.1 1.0 No 89.0 5.2 70.9
S1994 20 1.6 1.3 2.9 No 75.3 5.6 41.7
S1995 21 2.6 0.5 1.6 No 77.0 7.5 76.1
S1996 17 2.9 1.0 2.4 Yes 86.0 6.8 65.9
S1997 20 3.0 2.6 1.3 No 61.9 6.5 64.4
S1998 24 5.4 4.1 1.1 Yes 100.0 7.6 69.7
S1999 19 4.3 2.9 1.9 No 89.4 7.1 74.9
